1 0.621875 0.6 0.63125 0.5854166671875001 0.63125 0.5708333328124999 0.621875 0.5625 0.596875 0.5541666671875001 0.5703125 0.55625 0.5640625 0.5645833328125 0.565625 0.5770833328125 0.6015625 0.6 0.621875 0.6
1 0.7 0.6104166671875 0.66875 0.6145833328125 0.66875 0.6270833328125 0.68125 0.6416666671875 0.7046875 0.6354166671875 0.7 0.6104166671875
1 0.4828125 0.4916666671875 0.4765625 0.475 0.45 0.475 0.446875 0.49583333281249997 0.4546875 0.5041666671875 0.46875 0.50625 0.4828125 0.4916666671875
1 0.7703125 0.9 0.7703125 0.8854166671874999 0.759375 0.8791666671874999 0.734375 0.8854166671874999 0.7328125 0.9 0.740625 0.9083333328125001 0.7625 0.9083333328125001 0.7703125 0.9
1 0.575 0.9625 0.5734375 0.9479166671874999 0.546875 0.9395833328125001 0.5171875 0.9479166671874999 0.5140625 0.9625 0.5265625 0.975 0.55 0.975 0.575 0.9625
1 0.51875 0.8333333328125001 0.484375 0.8291666671875 0.4765625 0.8354166671875 0.475 0.8541666671874999 0.484375 0.8645833328125001 0.5176624999999999 0.8568833328125001 0.51875 0.8333333328125001
1 0.4328125 0.8145833328125001 0.4265625 0.8041666671875 0.409375 0.8 0.3875 0.80625 0.384375 0.825 0.3984375 0.8354166671875 0.415625 0.8354166671875 0.4328125 0.8145833328125001
1 0.4171203125 0.0905791671875 0.409375 0.08125 0.390625 0.08125 0.3796875 0.0916666671875 0.3765625 0.1020833328125 0.390625 0.11041666718750001 0.4171875 0.1041666671875 0.4171203125 0.0905791671875
1 0.5078125 0.1125 0.50625 0.0770833328125 0.496875 0.06875 0.478125 0.06875 0.4671875 0.08333333281250001 0.465625 0.1270833328125 0.478125 0.1458333328125 0.49375 0.15 0.5078125 0.1125
1 0.484375 0.3791666671875 0.484375 0.36875 0.4703125 0.3583333328125 0.4515625 0.3604166671875 0.44375 0.3708333328125 0.44375 0.3895833328125 0.4546875 0.3958333328125 0.4765625 0.3916666671875 0.484375 0.3791666671875
1 0.5078125 0.40416666718750005 0.503125 0.39791666718749996 0.478125 0.39375 0.4734375 0.4166666671875 0.48125 0.4291666671875 0.50625 0.425 0.5078125 0.40416666718750005
1 0.721875 0 0.721875 0.01875 0.7296875 0.0270833328125 0.7421875 0.025 0.7515625 0.014583332812499999 0.75 0 0.721875 0