1 0.8421875 0.1375 0.84375 0.1166666671875 0.834375 0.1041666671875 0.8125 0.0979166671875 0.8 0.1041666671875 0.8 0.1395833328125 0.8078125 0.1520833328125 0.825 0.15625 0.8421875 0.1375
1 0.3640625 0.10625 0.3671875 0.08333333281250001 0.3375 0.0791666671875 0.3328125 0.1 0.340625 0.1125 0.3546875 0.1166666671875 0.3640625 0.10625
1 0.678125 0.3604166671875 0.6734375 0.3541666671875 0.653125 0.35625 0.6390625 0.3729166671875 0.6421875 0.3895833328125 0.659375 0.3895833328125 0.678125 0.36875 0.678125 0.3604166671875
1 0.753125 0.6604166671875 0.7484375 0.6333333328124999 0.7359375 0.625 0.725 0.6333333328124999 0.7234375 0.6583333328125 0.73125 0.66875 0.746875 0.66875 0.753125 0.6604166671875
1 0.721875 0.775 0.721875 0.7583333328124999 0.70625 0.7520833328125 0.6796875 0.775 0.678125 0.7875 0.69633125 0.79981875 0.70625 0.8041666671875 0.721875 0.775
1 0.834375 0.8895833328125 0.8265625 0.8770833328125001 0.8109375 0.8833333328125 0.809375 0.8979166671875 0.8171875 0.90625 0.828125 0.9041666671874999 0.834375 0.8895833328125
1 0.3359375 0.7541666671875 0.309375 0.7541666671875 0.3078125 0.7729166671875001 0.3140625 0.78125 0.3359375 0.7791666671875 0.3359375 0.7541666671875
1 0.34375 0.8479166671874999 0.3328125 0.8520833328125 0.3296875 0.8729166671874999 0.3453125 0.875 0.3484375 0.8541666671874999 0.34375 0.8479166671874999
1 0.4125 0.5520833328125 0.4078125 0.53125 0.38125 0.53125 0.371875 0.5395833328124999 0.371875 0.5645833328125 0.3890625 0.5770833328125 0.4015625 0.575 0.4125 0.5520833328125
1 0.41875 0.4458333328125 0.41875 0.425 0.409375 0.4125 0.3890625 0.41041666718750003 0.375 0.425 0.3734375 0.4458333328125 0.3828125 0.46458333281249997 0.4078125 0.4625 0.41875 0.4458333328125
1 0.4515625 0.1854166671875 0.446875 0.1770833328125 0.4296875 0.1770833328125 0.4109375 0.19583333281249998 0.415625 0.2166666671875 0.43125 0.2208333328125 0.4453125 0.2104166671875 0.4515625 0.1854166671875
1 0.5625 0.3104166671875 0.5625 0.2958333328125 0.553125 0.2854166671875 0.534375 0.2854166671875 0.5234375 0.2979166671875 0.5234375 0.31875 0.53125 0.325 0.5515625 0.325 0.5625 0.3104166671875
1 0.5203125 0.6958333328124999 0.5296875 0.6833333328125 0.53125 0.6666666671875 0.5109375 0.6479166671875001 0.4890625 0.64375 0.475 0.6520833328125 0.45625 0.6833333328125 0.4546875 0.6979166671875 0.4625 0.7083333328125 0.4921875 0.70625 0.5203125 0.6958333328124999
1 0.73125 0.9666666671874999 0.728125 0.9416666671874999 0.7234375 0.9354166671874999 0.7109375 0.9416666671874999 0.7140625 0.99375 0.740625 0.9979166671874999 0.7421875 0.9854166671875 0.73125 0.9666666671874999
1 0.540625 0.0166666671875 0.5375 0 0.49375 0.0020833328125000002 0.5078125 0.0270833328125 0.5265625 0.03125 0.540625 0.0166666671875
1 0.640625 0.5 0.640625 0.48125 0.63125 0.46875 0.60054375 0.4701083328125 0.584375 0.50625 0.596875 0.5270833328125 0.6296875 0.5145833328125 0.640625 0.5