1 0.3015625 0.13125 0.315625 0.1166666671875 0.3046875 0.1020833328125 0.2859375 0.1041666671875 0.2796875 0.1125 0.2796875 0.1291666671875 0.2859375 0.13333333281249998 0.3015625 0.13125
1 0.35 0.21458333281250003 0.3484375 0.20416666718749998 0.3375 0.1979166671875 0.309375 0.20416666718749998 0.3078125 0.2208333328125 0.315625 0.22916666718749998 0.33125 0.23125 0.35 0.21458333281250003
1 0.715625 0.1875 0.7109375 0.1708333328125 0.6796875 0.17916666718750002 0.675 0.19375 0.68125 0.2 0.703125 0.2 0.715625 0.1875
1 0.559375 0.0791666671875 0.5515625 0.0625 0.521875 0.0625 0.5140625 0.07291666718749999 0.51875 0.08541666718749999 0.55 0.0875 0.559375 0.0791666671875
1 0.521875 0.2833333328125 0.521875 0.2770833328125 0.5046875 0.26875 0.45625 0.275 0.4546875 0.28958333281250004 0.4703125 0.2979166671875 0.5078125 0.2958333328125 0.521875 0.2833333328125
1 0.36875 0.325 0.3671875 0.3145833328125 0.353125 0.3083333328125 0.3234375 0.3125 0.3234375 0.33541666718749996 0.3390625 0.3479166671875 0.35 0.3458333328125 0.36875 0.325
1 0.628125 0.36666666718749996 0.6296875 0.3395833328125 0.5953125 0.3395833328125 0.5921875 0.3583333328125 0.6046875 0.3729166671875 0.6203125 0.375 0.628125 0.36666666718749996
1 0.609375 0.28958333281250004 0.63125 0.26875 0.63125 0.24375 0.6203125 0.23125 0.571875 0.2479166671875 0.565625 0.2520833328125 0.565625 0.26875 0.5796875 0.29375 0.609375 0.28958333281250004
1 0.609375 0.5854166671875001 0.603125 0.5708333328124999 0.5765625 0.5708333328124999 0.5703125 0.5854166671875001 0.58125 0.6020833328124999 0.5984375 0.6020833328124999 0.609375 0.5854166671875001
1 0.465625 0.6354166671875 0.465625 0.61875 0.4546875 0.6041666671875 0.415625 0.6104166671875 0.4140625 0.6270833328125 0.4328125 0.6416666671875 0.45625 0.6458333328125 0.465625 0.6354166671875
1 0.3104625 0.66395 0.3 0.65 0.278125 0.65 0.2703125 0.6583333328125 0.26875 0.6708333328125 0.2765625 0.68125 0.3 0.6791666671875001 0.3104625 0.66395
1 0.390625 0.83125 0.3921875 0.8104166671874999 0.384375 0.7958333328125 0.371875 0.7895833328124999 0.346875 0.79375 0.3390625 0.8166666671874999 0.3484375 0.8291666671875 0.36875 0.8395833328125001 0.390625 0.83125
1 0.365625 0.7541666671875 0.3734375 0.7395833328125 0.371875 0.725 0.359375 0.7166666671875 0.31875 0.7166666671875 0.315625 0.7270833328124999 0.3234375 0.7395833328125 0.3515625 0.7583333328124999 0.365625 0.7541666671875
1 0.328125 0.9479166671874999 0.325 0.925 0.3015625 0.925 0.2953125 0.9333333328125001 0.296875 0.9520833328125 0.321875 0.9541666671875 0.328125 0.9479166671874999
1 0.5171875 0.80625 0.515625 0.79375 0.5046875 0.7833333328125 0.4640625 0.7854166671875 0.4578125 0.8 0.4875 0.8208333328125 0.503125 0.8208333328125 0.5171875 0.80625
1 0.690625 0.9 0.68125 0.8875 0.6578125 0.8895833328125 0.653125 0.9041666671874999 0.665625 0.91875 0.678125 0.9166666671874999 0.690625 0.9
1 0.471875 0.88125 0.4703125 0.8708333328125001 0.45625 0.8645833328125001 0.43125 0.8729166671874999 0.43125 0.8916666671875 0.4484375 0.9020833328125001 0.4640625 0.8979166671875 0.471875 0.88125
1 0.425 0.9708333328125001 0.409375 0.9645833328125001 0.3859375 0.9791666671874999 0.3890625 0.9979166671874999 0.4171875 0.9979166671874999 0.4265625 0.9875 0.425 0.9708333328125001