1 0.665625 0.07291666718749999 0.659375 0.0625 0.64375 0.0645833328125 0.628125 0.08541666718749999 0.63125 0.10833333281249999 0.6546875 0.11041666718750001 0.665625 0.0958333328125 0.665625 0.07291666718749999
1 0.7640625 0.06875 0.7359375 0.03125 0.7234375 0.025 0.6984375 0.03125 0.6953125 0.05208333281250001 0.721875 0.0791666671875 0.75 0.08333333281250001 0.7640625 0.06875
1 0.371875 0.07291666718749999 0.384375 0.05 0.3765625 0.0416666671875 0.3515625 0.0395833328125 0.334375 0.054166667187499996 0.33125 0.0666666671875 0.340625 0.08333333281250001 0.3578125 0.08333333281250001 0.371875 0.07291666718749999
1 0.475 0.029166667187500002 0.4625 0.01875 0.4390625 0.0270833328125 0.4359375 0.0395833328125 0.45 0.05 0.4765625 0.0395833328125 0.475 0.029166667187500002
1 0.603125 0.25625 0.6015625 0.24583333281250003 0.5890625 0.23541666718749998 0.5640625 0.2416666671875 0.559375 0.2604166671875 0.56875 0.2708333328125 0.584375 0.2708333328125 0.603125 0.25625
1 0.6703125 0.2541666671875 0.653125 0.2604166671875 0.6578125 0.2770833328125 0.675 0.2770833328125 0.68125 0.26875 0.6703125 0.2541666671875
1 0.6546875 0.38125 0.6546875 0.36666666718749996 0.646875 0.3604166671875 0.6140625 0.3625 0.6109375 0.3791666671875 0.61875 0.3916666671875 0.6375 0.3958333328125 0.6546875 0.38125
1 0.6859375 0.47291666718750003 0.6765625 0.45208333281249996 0.65625 0.4479166671875 0.6484375 0.45625 0.646875 0.475 0.6546875 0.48541666718750004 0.671875 0.4875 0.6859375 0.47291666718750003
1 0.615625 0.5583333328125 0.615625 0.5416666671875 0.6078125 0.5354166671875 0.5796875 0.5375 0.56875 0.55 0.5671875 0.5625 0.578125 0.575 0.6015625 0.5729166671875 0.615625 0.5583333328125
1 0.6984375 0.6104166671875 0.6890625 0.6 0.665625 0.59375 0.6375 0.6020833328124999 0.6390625 0.61875 0.6578125 0.6333333328124999 0.678125 0.63125 0.6984375 0.6104166671875
1 0.346875 0.5916666671875 0.3265625 0.56875 0.3125 0.5666666671875 0.296875 0.5770833328125 0.296875 0.5895833328125 0.3078125 0.6 0.3453125 0.60625 0.346875 0.5916666671875
1 0.7109375 0.6895833328125 0.7015625 0.6770833328125 0.6765625 0.6854166671875 0.6734375 0.6958333328124999 0.684375 0.7083333328125 0.70625 0.7041666671875 0.7109375 0.6895833328125
1 0.6671875 0.7979166671875 0.66875 0.7791666671875 0.659375 0.7666666671875 0.6390625 0.7645833328125 0.6265625 0.775 0.625 0.7854166671875 0.6375 0.80625 0.659375 0.8083333328125001 0.6671875 0.7979166671875
1 0.53125 0.8166666671874999 0.5296875 0.8020833328125001 0.509375 0.7875 0.490625 0.7916666671875 0.48125 0.8083333328125001 0.4796875 0.8270833328125 0.490625 0.8375 0.5203125 0.8333333328125001 0.53125 0.8166666671874999
1 0.51875 0.7604166671875 0.5125 0.7458333328125 0.490625 0.7375 0.4625 0.7458333328125 0.459375 0.7625 0.484375 0.7791666671875 0.5046875 0.775 0.51875 0.7604166671875
1 0.4390625 0.9 0.434375 0.88125 0.41875 0.8645833328125001 0.359375 0.8666666671875 0.3578125 0.8916666671875 0.3734375 0.9125 0.39375 0.9145833328125 0.4390625 0.9
1 0.61875 0.8458333328125001 0.61875 0.8354166671875 0.6046875 0.8270833328125 0.578125 0.8354166671875 0.5765625 0.85 0.5921875 0.8604166671875 0.609375 0.8604166671875 0.61875 0.8458333328125001
1 0.7328125 0.9208333328125 0.725 0.90625 0.70625 0.9041666671874999 0.6953125 0.9166666671874999 0.6984375 0.9541666671875 0.7171875 0.9583333328125001 0.7296875 0.9479166671874999 0.7328125 0.9208333328125
1 0.5859375 0.9979166671874999 0.58125 0.9458333328125 0.575 0.9333333328125001 0.5453125 0.925 0.521875 0.94375 0.521875 0.9729166671874999 0.534375 0.9895833328125001 0.553125 0.9979166671874999 0.5859375 0.9979166671874999
1 0.096875 0.25625 0.0890625 0.24583333281250003 0.0640625 0.2479166671875 0.059375 0.2541666671875 0.0625 0.26875 0.08125 0.26875 0.096875 0.25625
1 0.4375 0.43541666718750005 0.425 0.41875 0.4078125 0.42291666718750004 0.40625 0.4375 0.4140625 0.4479166671875 0.43125 0.4458333328125 0.4375 0.43541666718750005
1 0.48125 0.4895833328125 0.48125 0.4791666671875 0.4625 0.46458333281249997 0.4421875 0.46875 0.434375 0.4791666671875 0.4328125 0.49791666718750005 0.4421875 0.5083333328124999 0.46875 0.50625 0.48125 0.4895833328125