1 0.4671875 0.48125 0.465625 0.46458333281249997 0.440625 0.425 0.403125 0.42083333281249996 0.390625 0.43125 0.3953125 0.46458333281249997 0.428125 0.49583333281249997 0.4546875 0.49583333281249997 0.4671875 0.48125
1 0.75625 0.4166666671875 0.7546875 0.3875 0.7375 0.3541666671875 0.7265625 0.35625 0.7265625 0.40416666718750005 0.7359375 0.42291666718750004 0.7484375 0.4270833328125 0.75625 0.4166666671875
1 0.6515625 0.6604166671875 0.653125 0.64375 0.6453125 0.6375 0.60625 0.6333333328124999 0.6015625 0.6395833328125 0.6015625 0.6604166671875 0.621875 0.6895833328125 0.6390625 0.6875 0.6515625 0.6604166671875
1 0.5 0.6354166671875 0.5015625 0.6208333328125 0.49375 0.6020833328124999 0.4625 0.5979166671875 0.4484375 0.6125 0.45 0.6416666671875 0.459375 0.6541666671875 0.4875 0.6520833328125 0.5 0.6354166671875
1 0.5546875 0.7979166671875 0.55625 0.7666666671875 0.5515625 0.7583333328124999 0.5328125 0.75625 0.521875 0.7708333328125 0.5203125 0.7875 0.528125 0.80625 0.5453125 0.8083333328125001 0.5546875 0.7979166671875
1 0.4875 0.78125 0.4875 0.76875 0.478125 0.75625 0.453125 0.7541666671875 0.440625 0.7625 0.4421875 0.7833333328125 0.4640625 0.8 0.4796875 0.7979166671875 0.4875 0.78125
1 0.403125 0.8708333328125001 0.4015625 0.8541666671874999 0.390625 0.8416666671874999 0.3640625 0.85 0.3578125 0.8791666671874999 0.3671875 0.8895833328125 0.390625 0.8875 0.403125 0.8708333328125001
1 0.6921875 0.8541666671874999 0.690625 0.8395833328125001 0.66875 0.8229166671874999 0.65 0.81875 0.6359375 0.8270833328125 0.6359375 0.85 0.659375 0.8666666671875 0.6796875 0.86875 0.6921875 0.8541666671874999
1 0.6203125 0.8833333328125 0.6171875 0.85 0.59375 0.84375 0.5828125 0.8541666671874999 0.58125 0.8791666671874999 0.5875 0.8895833328125 0.6109375 0.8916666671875 0.6203125 0.8833333328125
1 0.2765625 0.1020833328125 0.2734375 0.0770833328125 0.2625 0.075 0.2421875 0.0875 0.2390625 0.10833333281249999 0.246875 0.12291666718750001 0.2703125 0.11875 0.2765625 0.1020833328125
1 0.290625 0.23958333281250002 0.284375 0.2208333328125 0.2671875 0.2270833328125 0.265625 0.2416666671875 0.271875 0.2479166671875 0.28125 0.25 0.290625 0.23958333281250002
1 0.3609375 0.3875 0.3390625 0.3791666671875 0.3328125 0.3875 0.3359375 0.40833333281249995 0.35625 0.4145833328125 0.3609375 0.3875
1 0.3921875 0.6541666671875 0.39375 0.64375 0.384375 0.6333333328124999 0.35625 0.6375 0.3546875 0.6541666671875 0.3625 0.6666666671875 0.3796875 0.6666666671875 0.3921875 0.6541666671875
1 0.5171875 0.43541666718750005 0.53125 0.40625 0.5125 0.3958333328125 0.490625 0.3958333328125 0.4734375 0.4166666671875 0.471875 0.43333333281249997 0.478125 0.44375 0.496875 0.4458333328125 0.5171875 0.43541666718750005
1 0.55625 0.5333333328125 0.5546875 0.51875 0.5421875 0.50625 0.525 0.5041666671875 0.509375 0.5166666671875 0.50625 0.5395833328124999 0.515625 0.55 0.5390625 0.55 0.55625 0.5333333328125