1 0.3921875 0.06875 0.3546875 0.0666666671875 0.3453125 0.08333333281250001 0.34375 0.1354166671875 0.375 0.13333333281249998 0.3921875 0.1145833328125 0.3921875 0.06875
1 0.6703125 0.2833333328125 0.6671875 0.2625 0.659375 0.25625 0.6234375 0.2604166671875 0.61875 0.26875 0.6328125 0.29375 0.6578125 0.2958333328125 0.6703125 0.2833333328125
1 0.48125 0.3645833328125 0.475 0.3458333328125 0.4578125 0.3458333328125 0.446875 0.3583333328125 0.446875 0.3791666671875 0.4546875 0.3854166671875 0.475 0.38125 0.48125 0.3645833328125
1 0.340625 0.45625 0.3328125 0.44166666718750003 0.3328125 0.4166666671875 0.3171875 0.40833333281249995 0.2953125 0.4166666671875 0.29375 0.47291666718750003 0.309375 0.4875 0.3359375 0.48333333281249996 0.340625 0.45625
1 0.475 0.5833333328125 0.4703125 0.5708333328124999 0.453125 0.5645833328125 0.415625 0.5708333328124999 0.4140625 0.5875 0.428125 0.6 0.4515625 0.6 0.475 0.5833333328125
1 0.371875 0.61875 0.3703125 0.6083333328125 0.3609375 0.6020833328124999 0.3390625 0.60625 0.3375 0.6229166671875 0.346875 0.6291666671875 0.3609375 0.6291666671875 0.371875 0.61875
1 0.571875 0.9145833328125 0.5375 0.8979166671875 0.5109375 0.9 0.496875 0.9125 0.496875 0.9354166671874999 0.5125 0.94375 0.5625 0.9270833328125001 0.571875 0.9145833328125
1 0.5703125 0.0625 0.5671875 0.05 0.553125 0.0458333328125 0.5140625 0.058333332812500006 0.5171875 0.075 0.5328125 0.0791666671875 0.5578125 0.075 0.5703125 0.0625
1 0.671875 0.49791666718750005 0.6703125 0.475 0.659375 0.45 0.6328125 0.45416666718750004 0.63125 0.46666666718750005 0.64375 0.5020833328125 0.6609375 0.50625 0.671875 0.49791666718750005
1 0.634375 0.5541666671875001 0.628125 0.54375 0.6 0.54375 0.5984375 0.5604166671875 0.6046875 0.5708333328124999 0.6328125 0.5708333328124999 0.634375 0.5541666671875001
1 0.68125 0.7375 0.68125 0.7291666671875 0.6703125 0.7208333328125 0.653125 0.71875 0.6390625 0.7270833328124999 0.6375 0.7479166671875 0.65 0.7583333328124999 0.66875 0.75625 0.68125 0.7375
1 0.6296875 0.22291666718749997 0.63125 0.2 0.6234375 0.1854166671875 0.6046875 0.1833333328125 0.6 0.1895833328125 0.5984375 0.2166666671875 0.603125 0.225 0.621875 0.22916666718749998 0.6296875 0.22291666718749997
1 0.434375 0.29375 0.41875 0.2791666671875 0.3890625 0.2833333328125 0.3875 0.2979166671875 0.4 0.3083333328125 0.421875 0.30625 0.434375 0.29375