1 0.678125 0.26875 0.6765625 0.23541666718749998 0.6515625 0.23125 0.6390625 0.23958333281250002 0.6375 0.25833333281250004 0.6453125 0.27291666718749996 0.6640625 0.2791666671875 0.678125 0.26875
1 0.6140625 0.29375 0.5984375 0.2708333328125 0.5796875 0.2708333328125 0.565625 0.28125 0.565625 0.30625 0.578125 0.3125 0.6 0.3083333328125 0.6140625 0.29375
1 0.7859375 0.3958333328125 0.78125 0.3791666671875 0.7640625 0.3708333328125 0.740625 0.38333333281250004 0.7390625 0.39375 0.7546875 0.40625 0.7765625 0.40625 0.7859375 0.3958333328125
1 0.840625 0.5395833328124999 0.8359375 0.53125 0.80625 0.5333333328125 0.7734375 0.5583333328125 0.7734375 0.575 0.7875 0.5833333328125 0.8375 0.55 0.840625 0.5395833328124999
1 0.75625 0.6458333328125 0.75625 0.6291666671875 0.7453125 0.6125 0.728125 0.60625 0.709375 0.6104166671875 0.7046875 0.6291666671875 0.7171875 0.65 0.740625 0.65625 0.75625 0.6458333328125
1 0.590625 0.78125 0.590625 0.7708333328125 0.5765625 0.7604166671875 0.55625 0.7604166671875 0.54375 0.775 0.54375 0.7958333328125 0.5515625 0.8020833328125001 0.5765625 0.7958333328125 0.590625 0.78125
1 0.6859375 0.8395833328125001 0.6828125 0.8291666671875 0.665625 0.8208333328125 0.6390625 0.83125 0.64375 0.85 0.659375 0.85625 0.6734375 0.85625 0.6859375 0.8395833328125001
1 0.4296875 0.5708333328124999 0.4453125 0.5541666671875001 0.4453125 0.5416666671875 0.3984375 0.5229166671875001 0.3640625 0.525 0.35 0.5354166671875 0.35 0.55625 0.36875 0.5854166671875001 0.3953125 0.5854166671875001 0.4296875 0.5708333328124999
1 0.6796875 0.08541666718749999 0.671875 0.075 0.6328125 0.0645833328125 0.6234375 0.07083333281250001 0.6171875 0.0895833328125 0.615625 0.1145833328125 0.6359375 0.12291666718750001 0.6703125 0.1020833328125 0.6796875 0.08541666718749999
1 0.7125 0.1666666671875 0.7046875 0.1541666671875 0.6765625 0.15625 0.671875 0.17916666718750002 0.6875 0.19375 0.7015625 0.1916666671875 0.7125 0.1666666671875
1 0.5453125 0.1166666671875 0.5453125 0.09375 0.5359375 0.08333333281250001 0.5203125 0.08541666718749999 0.5109375 0.0979166671875 0.50625 0.11041666718750001 0.5109375 0.13125 0.53125 0.13125 0.5453125 0.1166666671875
1 0.4157609375 0.2726458328125 0.38125 0.2791666671875 0.3625 0.2958333328125 0.3625 0.3104166671875 0.390625 0.3145833328125 0.4203125 0.2979166671875 0.4157609375 0.2726458328125
1 0.2375 0.4125 0.225 0.425 0.2265625 0.4375 0.24375 0.44166666718750003 0.2546875 0.4166666671875 0.2375 0.4125
1 0.3328125 0.7354166671875 0.33125 0.7208333328125 0.2953125 0.7083333328125 0.2640625 0.7104166671875001 0.25625 0.71875 0.2546875 0.7333333328125 0.265625 0.7416666671875001 0.3203125 0.74375 0.3328125 0.7354166671875
1 0.4328125 0.61875 0.4203125 0.6041666671875 0.403125 0.6020833328124999 0.3765625 0.6104166671875 0.365625 0.625 0.371875 0.6479166671875001 0.396875 0.6541666671875 0.4234375 0.6375 0.4328125 0.61875
1 0.478125 0.7104166671875001 0.4765625 0.6979166671875 0.459375 0.6833333328125 0.4375 0.6854166671875 0.4234375 0.7 0.421875 0.7125 0.43125 0.7208333328125 0.45625 0.7229166671875 0.478125 0.7104166671875001
1 0.5375 0.49583333281249997 0.5328125 0.47083333281249995 0.5109375 0.46458333281249997 0.478125 0.46458333281249997 0.459375 0.48541666718750004 0.4640625 0.5145833328125 0.49375 0.5229166671875001 0.515625 0.51875 0.5375 0.49583333281249997