1 0.2890625 0.27291666718749996 0.2890625 0.2541666671875 0.2828125 0.2479166671875 0.2578125 0.2541666671875 0.2546875 0.26875 0.2625 0.28125 0.28125 0.28125 0.2890625 0.27291666718749996
1 0.328125 0.5333333328125 0.3171875 0.5229166671875001 0.3015625 0.525 0.2859375 0.5520833328125 0.2890625 0.5770833328125 0.315625 0.5770833328125 0.328125 0.5604166671875 0.328125 0.5333333328125
1 0.43125 0.61875 0.43125 0.60625 0.41875 0.5958333328125 0.39375 0.5979166671875 0.384375 0.6125 0.3859375 0.63125 0.396875 0.6395833328125 0.4203125 0.6354166671875 0.43125 0.61875
1 0.240625 0.5354166671875 0.240625 0.5229166671875001 0.23125 0.5145833328125 0.2078125 0.5208333328125 0.2046875 0.5395833328124999 0.2125 0.5520833328125 0.2296875 0.55 0.240625 0.5354166671875
1 0.7515625 0.50625 0.753125 0.48541666718750004 0.7453125 0.47083333281249995 0.7265625 0.46458333281249997 0.715625 0.47291666718750003 0.715625 0.4916666671875 0.725 0.5041666671875 0.734375 0.5104166671875 0.7515625 0.50625
1 0.6953125 0.3 0.7265625 0.29375 0.734375 0.2791666671875 0.7265625 0.20416666718749998 0.7125 0.19375 0.69375 0.19375 0.6828125 0.2104166671875 0.6779890625 0.23550624999999997 0.68125 0.2666666671875 0.6859375 0.29375 0.6953125 0.3
1 0.68125 0.6229166671875 0.6765625 0.6 0.659375 0.6 0.6484375 0.6104166671875 0.646875 0.63125 0.653125 0.6416666671875 0.6765625 0.6375 0.68125 0.6229166671875
1 0.6671875 0.8875 0.6734375 0.8666666671875 0.6703125 0.8520833328125 0.653125 0.8479166671874999 0.6390625 0.85625 0.6359375 0.875 0.64375 0.8875 0.6546875 0.89375 0.6671875 0.8875
1 0.71875 0.8229166671874999 0.7109375 0.8041666671875 0.6859375 0.8083333328125001 0.6765625 0.825 0.6875 0.8395833328125001 0.703125 0.8395833328125001 0.71875 0.8229166671874999
1 0.4515625 0.8229166671874999 0.4515625 0.8083333328125001 0.4375 0.7958333328125 0.4171875 0.7979166671875 0.4078125 0.8104166671874999 0.40625 0.83125 0.415625 0.8395833328125001 0.4375 0.8354166671875 0.4515625 0.8229166671874999
1 0.5015625 0.22291666718749997 0.5046875 0.19375 0.496875 0.1833333328125 0.4796875 0.1833333328125 0.4375 0.2125 0.434375 0.23541666718749998 0.4484375 0.25 0.4671875 0.2541666671875 0.5015625 0.22291666718749997
1 0.5109375 0.125 0.484375 0.1041666671875 0.46875 0.1020833328125 0.446875 0.1208333328125 0.4375 0.1395833328125 0.4375 0.16458333281249998 0.459375 0.1729166671875 0.509375 0.1416666671875 0.5109375 0.125
1 0.6359375 0.425 0.653125 0.39375 0.6515625 0.36666666718749996 0.6140625 0.3375 0.5890625 0.34375 0.5875 0.36875 0.592390625 0.3958333328125 0.6109375 0.4166666671875 0.6359375 0.425
1 0.4046875 0.9708333328125001 0.4046875 0.9520833328125 0.3953125 0.9375 0.378125 0.9375 0.36875 0.9520833328125 0.3671875 0.975 0.3734375 0.9854166671875 0.396875 0.9833333328125 0.4046875 0.9708333328125001