1 0.6109375 0.1458333328125 0.6078125 0.12291666718750001 0.5984375 0.1145833328125 0.571875 0.1166666671875 0.5578125 0.1375 0.559375 0.1625 0.578125 0.1729166671875 0.6015625 0.1625 0.6109375 0.1458333328125
1 0.5578125 0.05208333281250001 0.5578125 0.0395833328125 0.5421875 0.0229166671875 0.521875 0.0208333328125 0.5109375 0.0270833328125 0.496875 0.054166667187499996 0.496875 0.07291666718749999 0.51875 0.08333333281250001 0.5484375 0.0645833328125 0.5578125 0.05208333281250001
1 0.46875 0.0625 0.46875 0.05 0.4578125 0.0395833328125 0.415625 0.04375 0.4109375 0.0666666671875 0.4296875 0.0875 0.4515625 0.08333333281250001 0.46875 0.0625
1 0.5921875 0.4145833328125 0.590625 0.3916666671875 0.5671875 0.3729166671875 0.546875 0.3791666671875 0.5328125 0.40416666718750005 0.528125 0.43958333281249995 0.5390625 0.45208333281249996 0.58125 0.43541666718750005 0.5921875 0.4145833328125
1 0.659375 0.8458333328125001 0.6546875 0.7958333328125 0.646875 0.78125 0.5765625 0.7895833328124999 0.565625 0.8041666671875 0.565625 0.84375 0.5890625 0.8645833328125001 0.6328125 0.8666666671875 0.659375 0.8458333328125001
1 0.3296875 0.8395833328125001 0.3203125 0.8229166671874999 0.2953125 0.83125 0.29375 0.8458333328125001 0.3015625 0.8541666671874999 0.321875 0.8520833328125 0.3296875 0.8395833328125001
1 0.475 0.8333333328125001 0.4765625 0.8104166671874999 0.4671875 0.8 0.446875 0.7979166671875 0.4328125 0.8125 0.43125 0.8270833328125 0.4390625 0.8395833328125001 0.4578125 0.84375 0.475 0.8333333328125001
1 0.3625 0.9229166671875 0.3609375 0.88125 0.340625 0.8833333328125 0.3296875 0.8979166671875 0.328125 0.925 0.334375 0.9333333328125001 0.353125 0.9354166671874999 0.3625 0.9229166671875
1 0.40625 0.5604166671875 0.4109375 0.5458333328125 0.4078125 0.51875 0.384375 0.5166666671875 0.3609375 0.54375 0.3421875 0.58125 0.340625 0.59375 0.353125 0.6125 0.3703125 0.6104166671875 0.40625 0.5604166671875
1 0.60625 0.9666666671874999 0.5875 0.9666666671874999 0.5609375 0.9875 0.5578125 0.9979166671874999 0.6140625 0.9979166671874999 0.6171875 0.98125 0.60625 0.9666666671874999
1 0.484375 0.2916666671875 0.484375 0.2770833328125 0.4640625 0.25833333281250004 0.4375 0.25625 0.4234375 0.2666666671875 0.4234375 0.2916666671875 0.434375 0.3020833328125 0.471875 0.30625 0.484375 0.2916666671875
1 0.440625 0.1541666671875 0.434375 0.125 0.415625 0.1145833328125 0.3875 0.1270833328125 0.3734375 0.17916666718750002 0.371875 0.20625 0.378125 0.225 0.40625 0.21875 0.440625 0.1541666671875