1 0.4515625 0.16875 0.4359375 0.14791666718750002 0.403125 0.1520833328125 0.4 0.16875 0.4109375 0.1770833328125 0.4390625 0.17916666718750002 0.4515625 0.16875
1 0.3234375 0.13125 0.321875 0.1166666671875 0.3140625 0.11041666718750001 0.290625 0.11875 0.2859375 0.13333333281249998 0.3 0.15625 0.309375 0.15625 0.3234375 0.13125
1 0.6796875 0.11875 0.6578125 0.12291666718750001 0.6546875 0.13125 0.6609375 0.1375 0.6859375 0.1291666671875 0.6796875 0.11875
1 0.7359375 0.2208333328125 0.7265625 0.20833333281250002 0.7078125 0.2166666671875 0.7046875 0.23333333281250002 0.7171875 0.2416666671875 0.73125 0.23541666718749998 0.7359375 0.2208333328125
1 0.7140625 0.3333333328125 0.6984375 0.31875 0.675 0.325 0.675 0.3416666671875 0.68125 0.3479166671875 0.696875 0.35 0.7140625 0.3333333328125
1 0.6640625 0.48333333281249996 0.6578125 0.46458333281249997 0.64375 0.4625 0.634375 0.47083333281249995 0.6265625 0.4916666671875 0.63125 0.5041666671875 0.6484375 0.5041666671875 0.6640625 0.48333333281249996
1 0.7671875 0.74375 0.76875 0.7166666671875 0.74375 0.7083333328125 0.6984375 0.7291666671875 0.696875 0.7458333328125 0.703125 0.7520833328125 0.753125 0.7625 0.7671875 0.74375
1 0.552309375 0.5896729171875 0.5296875 0.56875 0.503125 0.5645833328125 0.4921875 0.5708333328124999 0.4921875 0.59375 0.509375 0.6083333328125 0.5390625 0.6125 0.552309375 0.5896729171875
1 0.5890625 0.6708333328125 0.5890625 0.65625 0.5671875 0.65 0.53125 0.6666666671875 0.5328125 0.6833333328125 0.5640625 0.6895833328125 0.58125 0.6833333328125 0.5890625 0.6708333328125
1 0.5 0.6895833328125 0.5 0.6791666671875001 0.4921875 0.6729166671875 0.4625 0.6833333328125 0.459375 0.6979166671875 0.4765625 0.7104166671875001 0.4890625 0.7083333328125 0.5 0.6895833328125
1 0.528125 0.3791666671875 0.5234375 0.35208333281250004 0.503125 0.3479166671875 0.490625 0.3583333328125 0.4921875 0.38125 0.5015625 0.3916666671875 0.51875 0.3916666671875 0.528125 0.3791666671875
1 0.409375 0.9625 0.409375 0.95 0.396875 0.94375 0.365625 0.9479166671874999 0.359375 0.9666666671874999 0.3671875 0.975 0.39375 0.975 0.409375 0.9625