1 0.490625 0.0375 0.485734375 0.01086875 0.4671875 0.0041666671875 0.4359375 0.025 0.434375 0.0395833328125 0.4421875 0.05 0.4640625 0.05208333281250001 0.490625 0.0375
1 0.565625 0.1208333328125 0.565625 0.10833333281249999 0.55625 0.0979166671875 0.53125 0.0958333328125 0.5171875 0.10625 0.515625 0.12291666718750001 0.528125 0.1354166671875 0.5515625 0.1354166671875 0.565625 0.1208333328125
1 0.48125 0.1604166671875 0.4828125 0.1375 0.475 0.13125 0.4578125 0.13333333281249998 0.45 0.14375 0.4484375 0.15625 0.45625 0.1666666671875 0.471875 0.16875 0.48125 0.1604166671875
1 0.471875 0.21875 0.46875 0.20833333281250002 0.440625 0.2 0.403125 0.20833333281250002 0.4015625 0.2270833328125 0.4203125 0.2375 0.45 0.23333333281250002 0.471875 0.21875
1 0.6125 0.2270833328125 0.603125 0.20208333281250002 0.58125 0.1979166671875 0.5734375 0.20833333281250002 0.5734375 0.22916666718749998 0.5796875 0.2375 0.609375 0.2375 0.6125 0.2270833328125
1 0.640625 0.23125 0.6359375 0.2375 0.6375 0.2645833328125 0.6609375 0.25833333281250004 0.6609375 0.23333333281250002 0.640625 0.23125
1 0.596875 0.3895833328125 0.5921875 0.36666666718749996 0.571875 0.3645833328125 0.5546875 0.375 0.5515625 0.3958333328125 0.5609375 0.41041666718750003 0.5921875 0.40625 0.596875 0.3895833328125
1 0.4796875 0.3583333328125 0.4671875 0.3458333328125 0.453125 0.3458333328125 0.44375 0.35625 0.440625 0.36875 0.4515625 0.375 0.465625 0.3729166671875 0.4796875 0.3583333328125
1 0.6890625 0.41041666718750003 0.6734375 0.4125 0.671875 0.43125 0.6875 0.43333333281249997 0.6953125 0.42291666718750004 0.6890625 0.41041666718750003
1 0.39809843749999996 0.48641249999999997 0.3859375 0.48541666718750004 0.3625 0.5020833328125 0.3625 0.5229166671875001 0.3734375 0.525 0.40285312500000003 0.5027166671875001 0.39809843749999996 0.48641249999999997
1 0.6859375 0.6458333328125 0.675 0.61875 0.64375 0.6145833328125 0.6375 0.6229166671875 0.6359375 0.6333333328124999 0.6546875 0.65 0.675 0.65625 0.6859375 0.6458333328125
1 0.45 0.5770833328125 0.45 0.5666666671875 0.434375 0.55625 0.4046875 0.5645833328125 0.403125 0.5916666671875 0.415625 0.6020833328124999 0.4359375 0.5979166671875 0.45 0.5770833328125
1 0.4609375 0.7145833328125 0.4515625 0.6916666671875 0.4265625 0.6833333328125 0.4046875 0.6895833328125 0.4046875 0.7 0.4265625 0.725 0.446875 0.7291666671875 0.4609375 0.7145833328125
1 0.3609375 0.8104166671874999 0.359375 0.7958333328125 0.346875 0.7895833328124999 0.3265625 0.8 0.325 0.8125 0.33125 0.81875 0.3546875 0.81875 0.3609375 0.8104166671874999
1 0.3234375 0.8645833328125001 0.321875 0.8458333328125001 0.3125 0.8395833328125001 0.29375 0.8416666671874999 0.2859375 0.8520833328125 0.284375 0.8666666671875 0.29375 0.88125 0.309375 0.88125 0.3234375 0.8645833328125001
1 0.434375 0.9645833328125001 0.43125 0.9479166671874999 0.415625 0.9395833328125001 0.390625 0.95 0.3890625 0.975 0.4 0.9854166671875 0.415625 0.9833333328125 0.434375 0.9645833328125001
1 0.5203125 0.8520833328125 0.5171875 0.83125 0.5015625 0.8291666671875 0.490625 0.8375 0.4890625 0.8520833328125 0.4984375 0.8625 0.5125 0.8625 0.5203125 0.8520833328125
1 0.559375 0.9145833328125 0.5515625 0.8979166671875 0.534375 0.8895833328125 0.5140625 0.89375 0.5046875 0.9104166671874999 0.5 0.9416666671874999 0.50625 0.9520833328125 0.5359375 0.9479166671874999 0.559375 0.9145833328125
1 0.6203125 0.9791666671874999 0.6203125 0.9625 0.609375 0.9541666671875 0.5875 0.9541666671875 0.5703125 0.9666666671874999 0.56875 0.9770833328125 0.5828125 0.9895833328125001 0.6109375 0.9895833328125001 0.6203125 0.9791666671874999
1 0.60054375 0.5172104171874999 0.5985046875 0.4927541671875 0.565625 0.48541666718750004 0.546875 0.49375 0.54375 0.5104166671875 0.55 0.51875 0.596875 0.5270833328125 0.60054375 0.5172104171874999