1 0.734375 0.0791666671875 0.73125 0.0645833328125 0.721875 0.058333332812500006 0.709375 0.058333332812500006 0.7 0.06875 0.696875 0.0875 0.7078125 0.0979166671875 0.7265625 0.09375 0.734375 0.0791666671875
1 0.4859375 0.1145833328125 0.4828125 0.09375 0.45625 0.0916666671875 0.45 0.1 0.4546875 0.125 0.478125 0.1291666671875 0.4859375 0.1145833328125
1 0.565625 0.3 0.55625 0.28958333281250004 0.5328125 0.2916666671875 0.5015625 0.32083333281250004 0.5015625 0.34375 0.5203125 0.3479166671875 0.55625 0.325 0.565625 0.3
1 0.4296875 0.4458333328125 0.4515625 0.4145833328125 0.45 0.4 0.4390625 0.3895833328125 0.3734375 0.3875 0.36875 0.39375 0.3703125 0.425 0.3921875 0.44375 0.4296875 0.4458333328125
1 0.6015625 0.55625 0.6078125 0.5166666671875 0.5984375 0.50625 0.5734375 0.5104166671875 0.5703125 0.5229166671875001 0.5765625 0.5541666671875001 0.5859375 0.5604166671875 0.6015625 0.55625
1 0.6609375 0.41875 0.65 0.40416666718750005 0.625 0.4145833328125 0.6234375 0.43541666718750005 0.6328125 0.4479166671875 0.646875 0.4458333328125 0.6609375 0.41875
1 0.7453125 0.6854166671875 0.7453125 0.66875 0.728125 0.6604166671875 0.7125 0.6625 0.703125 0.675 0.703125 0.69375 0.7140625 0.7041666671875 0.7328125 0.7020833328125 0.7453125 0.6854166671875
1 0.64375 0.8020833328125001 0.6296875 0.79375 0.603125 0.8270833328125 0.6046875 0.8625 0.6234375 0.8666666671875 0.634375 0.85 0.64375 0.8020833328125001
1 0.7125 0.7979166671875 0.7125 0.7854166671875 0.7015625 0.7770833328125 0.675 0.7854166671875 0.6734375 0.8020833328125001 0.6828125 0.8145833328125001 0.6984375 0.8145833328125001 0.7125 0.7979166671875
1 0.6546875 0.9583333328125001 0.646875 0.95 0.628125 0.9541666671875 0.628125 0.9854166671875 0.6421875 0.9979166671874999 0.6546875 0.99375 0.6546875 0.9583333328125001
1 0.4765625 0.6875 0.475 0.6541666671875 0.4671875 0.6395833328125 0.425 0.6333333328124999 0.4125 0.6458333328125 0.415625 0.6875 0.4390625 0.7083333328125 0.4578125 0.7083333328125 0.4765625 0.6875
1 0.571875 0.6104166671875 0.55 0.58125 0.5375 0.58125 0.5015625 0.6083333328125 0.503125 0.63125 0.5234375 0.6479166671875001 0.559375 0.6395833328125 0.571875 0.6104166671875
1 0.40625 0.55625 0.4001359375 0.5353270828125 0.3765625 0.5333333328125 0.36875 0.5458333328125 0.36875 0.5645833328125 0.3796875 0.5729166671875 0.3921875 0.5729166671875 0.40625 0.55625
1 0.5609375 0.1125 0.5640625 0.0625 0.553125 0.05 0.5375 0.05 0.5197015625 0.07336875000000001 0.509375 0.10625 0.5125 0.14791666718750002 0.525 0.1583333328125 0.540625 0.1541666671875 0.5609375 0.1125