1 0.3858703125 0.10326041718750001 0.3845109375 0.08876875 0.375 0.0666666671875 0.353125 0.06875 0.3453125 0.0770833328125 0.346875 0.1145833328125 0.3625 0.13333333281249998 0.3734375 0.13125 0.3858703125 0.10326041718750001
1 0.684375 0.1166666671875 0.6921875 0.1041666671875 0.6890625 0.060416667187499995 0.665625 0.0333333328125 0.61875 0.0375 0.603125 0.060416667187499995 0.6019015624999999 0.0923916671875 0.6086953125 0.0996375 0.6270374999999999 0.10235416718749998 0.646059375 0.1068833328125 0.6555703125 0.1059791671875 0.684375 0.1166666671875
1 0.7390625 0.3020833328125 0.740625 0.2625 0.725 0.24583333281250003 0.7125 0.2541666671875 0.70625 0.2916666671875 0.7171875 0.3125 0.73125 0.3145833328125 0.7390625 0.3020833328125
1 0.6859375 0.60625 0.684375 0.5770833328125 0.675 0.55 0.65625 0.5395833328124999 0.6390625 0.5583333328125 0.640625 0.5979166671875 0.6546875 0.6375 0.671875 0.6375 0.6859375 0.60625
1 0.671875 0.8166666671874999 0.6796875 0.7708333328125 0.6703125 0.71875 0.6569296875 0.7246374999999999 0.6390625 0.75625 0.6078125 0.7729166671875001 0.6046875 0.8 0.6140625 0.8166666671874999 0.628125 0.8229166671874999 0.671875 0.8166666671874999
1 0.3625 0.575 0.3625 0.55 0.340625 0.5416666671875 0.328125 0.5583333328125 0.3296875 0.5916666671875 0.3390625 0.6020833328124999 0.3484375 0.6 0.3625 0.575
1 0.3875 0.90625 0.4 0.8833333328125 0.39375 0.8375 0.3703125 0.8354166671875 0.35625 0.8520833328125 0.3546875 0.8770833328125001 0.3625 0.9 0.3765625 0.9104166671874999 0.3875 0.90625
1 0.6 0.9375 0.5890625 0.9208333328125 0.565625 0.91875 0.55625 0.93125 0.55 0.9729166671874999 0.571875 0.9854166671875 0.5953125 0.9708333328125001 0.6 0.9375
1 0.6578125 0.96875 0.653125 0.9791666671874999 0.65 0.9979166671874999 0.690625 0.9979166671874999 0.671875 0.9666666671874999 0.6578125 0.96875
1 0.48125 0.8208333328125 0.48125 0.78125 0.471875 0.76875 0.453125 0.76875 0.440625 0.7895833328124999 0.4390625 0.8125 0.4453125 0.83125 0.467390625 0.8324270828125 0.48125 0.8208333328125
1 0.3171875 0.9666666671874999 0.321875 0.9979166671874999 0.3453125 0.9979166671874999 0.3375 0.9625 0.3171875 0.9666666671874999