1 0.4171875 0.0979166671875 0.4109375 0.0916666671875 0.39375 0.0916666671875 0.384375 0.1 0.3859375 0.1291666671875 0.40625 0.1291666671875 0.4171875 0.1166666671875 0.4171875 0.0979166671875
1 0.3765625 0.1291666671875 0.353125 0.1166666671875 0.3328125 0.12291666718750001 0.33125 0.13125 0.3421875 0.14791666718750002 0.3578125 0.14791666718750002 0.3765625 0.1291666671875
1 0.421875 0.2166666671875 0.403125 0.2104166671875 0.38125 0.2270833328125 0.378125 0.2520833328125 0.396875 0.25833333281250004 0.415625 0.2416666671875 0.421875 0.2166666671875
1 0.3140625 0.22916666718749998 0.3125 0.2166666671875 0.303125 0.2104166671875 0.2890625 0.20833333281250002 0.278125 0.21875 0.275 0.23333333281250002 0.2796875 0.24375 0.296875 0.24375 0.3140625 0.22916666718749998
1 0.384375 0.4166666671875 0.3625 0.41875 0.35625 0.4270833328125 0.3625 0.4458333328125 0.39375 0.43541666718750005 0.384375 0.4166666671875
1 0.2890625 0.48333333281249996 0.2875 0.46666666718750005 0.2671875 0.45416666718750004 0.24375 0.4583333328125 0.23125 0.475 0.2296875 0.49791666718750005 0.2375 0.5104166671875 0.2609375 0.5083333328124999 0.2890625 0.48333333281249996
1 0.3328125 0.5791666671875 0.3015625 0.5770833328125 0.2984375 0.5916666671875 0.3046875 0.6 0.334375 0.5958333328125 0.3328125 0.5791666671875
1 0.671875 0.2875 0.690625 0.2645833328125 0.6859375 0.23958333281250002 0.665625 0.23958333281250002 0.6390625 0.2520833328125 0.63125 0.2625 0.6328125 0.27291666718749996 0.6546875 0.2854166671875 0.671875 0.2875
1 0.7453125 0.0333333328125 0.740625 0.0166666671875 0.71875 0.0125 0.7109375 0.0229166671875 0.715625 0.0375 0.7375 0.0416666671875 0.7453125 0.0333333328125
1 0.75 0.2666666671875 0.7359375 0.2708333328125 0.7328125 0.2854166671875 0.7421875 0.2916666671875 0.759375 0.2791666671875 0.75 0.2666666671875
1 0.6765625 0.46458333281249997 0.6671875 0.44166666718750003 0.6375 0.4458333328125 0.6359375 0.46875 0.64375 0.4791666671875 0.6640625 0.4791666671875 0.6765625 0.46458333281249997
1 0.796875 0.625 0.796875 0.6145833328125 0.7875 0.60625 0.7640625 0.6125 0.7609375 0.6333333328124999 0.76875 0.6395833328125 0.784375 0.6375 0.796875 0.625
1 0.6828125 0.8 0.6765625 0.7708333328125 0.6796875 0.7479166671875 0.66875 0.725 0.640625 0.725 0.625 0.7520833328125 0.6234375 0.7729166671875001 0.6296875 0.7833333328125 0.66875 0.8083333328125001 0.6828125 0.8
1 0.6203125 0.8229166671874999 0.6328125 0.8083333328125001 0.634375 0.7916666671875 0.628125 0.78125 0.590625 0.7875 0.584375 0.7958333328125 0.584375 0.8125 0.596875 0.825 0.6203125 0.8229166671874999
1 0.6171875 0.8520833328125 0.6140625 0.8416666671874999 0.6 0.8354166671875 0.5765625 0.8375 0.5640625 0.8479166671874999 0.5625 0.8645833328125001 0.5765625 0.8791666671874999 0.5984375 0.8770833328125001 0.6171875 0.8520833328125
1 0.6140625 0.90625 0.5765625 0.9041666671874999 0.5640625 0.9145833328125 0.5671875 0.9375 0.6 0.94375 0.609375 0.9375 0.6140625 0.90625
1 0.4828125 0.9 0.46875 0.8833333328125 0.4453125 0.8854166671874999 0.4359375 0.89375 0.4359375 0.9083333328125001 0.45 0.9166666671874999 0.4703125 0.9145833328125 0.4828125 0.9
1 0.5328125 0.9666666671874999 0.525 0.9479166671874999 0.484375 0.95 0.4859375 0.9729166671874999 0.503125 0.9854166671875 0.5203125 0.9833333328125 0.5328125 0.9666666671874999
1 0.346875 0.6833333328125 0.3328125 0.6645833328124999 0.309375 0.6708333328125 0.30625 0.6854166671875 0.315625 0.6958333328124999 0.3359375 0.6958333328124999 0.346875 0.6833333328125
1 0.3171875 0.9625 0.3171875 0.9479166671874999 0.3078125 0.9416666671874999 0.2828125 0.9520833328125 0.28125 0.9666666671874999 0.290625 0.9770833328125 0.3078125 0.9770833328125 0.3171875 0.9625
1 0.546875 0.7083333328125 0.5484375 0.6833333328125 0.5421875 0.6770833328125 0.5125 0.675 0.50625 0.6833333328125 0.5046875 0.6958333328124999 0.515625 0.7125 0.5375 0.7166666671875 0.546875 0.7083333328125