1 0.68125 0.11875 0.6734375 0.05625 0.6609375 0.04375 0.6515625 0.0479166671875 0.64375 0.08333333281250001 0.6390625 0.1583333328125 0.650815625 0.1675729171875 0.6711953125 0.1539854171875 0.68125 0.11875
1 0.38125 0 0.375 0.054166667187499996 0.3953125 0.0666666671875 0.4125 0.0458333328125 0.4171875 0 0.38125 0
1 0.396875 0.2166666671875 0.3921875 0.20833333281250002 0.3640625 0.2104166671875 0.3484375 0.22916666718749998 0.346875 0.2770833328125 0.364809375 0.2916666671875 0.390625 0.275 0.396875 0.2166666671875
1 0.4359375 0.325 0.4328125 0.30416666718749996 0.421875 0.2958333328125 0.3984375 0.2958333328125 0.3828125 0.3125 0.3828125 0.34375 0.3984375 0.3541666671875 0.421875 0.35 0.4359375 0.325
1 0.3546875 0.40208333281249997 0.3625 0.36875 0.359375 0.35625 0.3515625 0.3479166671875 0.3296875 0.35208333281250004 0.2984375 0.4145833328125 0.296875 0.43333333281249997 0.3046875 0.45625 0.3265625 0.45 0.3546875 0.40208333281249997
1 0.7078125 0.48333333281249996 0.6890625 0.4604166671875 0.6640625 0.4625 0.6640625 0.5270833328125 0.6859375 0.5416666671875 0.7 0.5229166671875001 0.7078125 0.48333333281249996
1 0.553125 0.2791666671875 0.55625 0.23958333281250002 0.55 0.22916666718749998 0.53125 0.225 0.51875 0.23958333281250002 0.5171875 0.2604166671875 0.5234375 0.275 0.540625 0.2833333328125 0.553125 0.2791666671875
1 0.41875 0.4791666671875 0.4140625 0.44166666718750003 0.4015625 0.43541666718750005 0.3828125 0.4479166671875 0.3828125 0.4916666671875 0.3890625 0.5 0.4109375 0.49583333281249997 0.41875 0.4791666671875
1 0.61875 0.7458333328125 0.6234375 0.7166666671875 0.6171875 0.70625 0.5875 0.7020833328125 0.5734375 0.7104166671875001 0.5734375 0.73125 0.584375 0.7479166671875 0.609375 0.7541666671875 0.61875 0.7458333328125
1 0.6390625 0.9291666671875 0.634375 0.8979166671875 0.61875 0.89375 0.6078125 0.9125 0.6078125 0.95 0.61875 0.9583333328125001 0.63125 0.9520833328125 0.6390625 0.9291666671875
1 0.7375 0.95625 0.71875 0.9541666671875 0.7046875 0.975 0.7046875 0.9979166671874999 0.7421875 0.9979166671874999 0.7453125 0.975 0.7375 0.95625
1 0.4639953125 0.1331520828125 0.4703125 0.1125 0.4578125 0.08541666718749999 0.440625 0.08125 0.4046875 0.0958333328125 0.39375 0.11041666718750001 0.3921875 0.1354166671875 0.4 0.15 0.45 0.15 0.4639953125 0.1331520828125