1 0.3171875 0.23333333281250002 0.3265625 0.21458333281250003 0.3234375 0.1854166671875 0.31875 0.17916666718750002 0.29375 0.1833333328125 0.2890625 0.1895833328125 0.2921875 0.2270833328125 0.3015625 0.2375 0.3171875 0.23333333281250002
1 0.653125 0.21875 0.65625 0.1583333328125 0.640625 0.1166666671875 0.625 0.1125 0.590625 0.12291666718750001 0.5734375 0.1395833328125 0.571875 0.1604166671875 0.6234375 0.225 0.634375 0.23125 0.653125 0.21875
1 0.78125 0.2979166671875 0.771875 0.2833333328125 0.746875 0.2833333328125 0.7375 0.2875 0.728125 0.3083333328125 0.73125 0.3416666671875 0.7515625 0.35 0.778125 0.325 0.78125 0.2979166671875
1 0.7125 0.2375 0.7046875 0.2208333328125 0.6828125 0.2208333328125 0.675 0.23125 0.6734375 0.24375 0.68125 0.25625 0.7109375 0.2520833328125 0.7125 0.2375
1 0.8109375 0.5791666671875 0.8109375 0.5666666671875 0.8015625 0.55625 0.7890625 0.5583333328125 0.7796875 0.5729166671875 0.778125 0.5854166671875001 0.784375 0.59375 0.8015625 0.59375 0.8109375 0.5791666671875
1 0.696875 0.7145833328125 0.7140625 0.6583333328125 0.7125 0.61875 0.6921875 0.5895833328125 0.6703125 0.5895833328125 0.65625 0.6020833328124999 0.6546875 0.6208333328125 0.66875 0.6895833328125 0.6765625 0.7041666671875 0.696875 0.7145833328125
1 0.6703125 0.8229166671874999 0.6703125 0.8083333328125001 0.6609375 0.8 0.628125 0.8020833328125001 0.6109375 0.8125 0.60625 0.8333333328125001 0.63125 0.85625 0.6546875 0.85 0.6703125 0.8229166671874999
1 0.371875 0.7729166671875001 0.3546875 0.7395833328125 0.3375 0.7416666671875001 0.3296875 0.7604166671875 0.328125 0.7916666671875 0.340625 0.80625 0.3515625 0.8020833328125001 0.371875 0.7729166671875001
1 0.425 0.9729166671874999 0.4296875 0.9479166671874999 0.4203125 0.9208333328125 0.3890625 0.9083333328125001 0.371875 0.9270833328125001 0.371875 0.975 0.3828125 0.99375 0.4015625 0.9958333328125001 0.425 0.9729166671874999
1 0.34375 0.9479166671874999 0.3234375 0.9458333328125 0.3078125 0.9666666671874999 0.3078125 0.9979166671874999 0.3546875 0.9979166671874999 0.3546875 0.9708333328125001 0.34375 0.9479166671874999
1 0.3859375 0.5395833328124999 0.3859375 0.51875 0.371875 0.5020833328125 0.3390625 0.4875 0.328125 0.5041666671875 0.328125 0.5270833328125 0.340625 0.5416666671875 0.3796875 0.55 0.3859375 0.5395833328124999