1 0.646875 0.175 0.6390625 0.15 0.6203125 0.14375 0.6109375 0.1520833328125 0.6109375 0.20416666718749998 0.615625 0.2104166671875 0.640625 0.20625 0.646875 0.175
1 0.5578125 0.175 0.55 0.1604166671875 0.5109375 0.1583333328125 0.5046875 0.18125 0.5171875 0.1916666671875 0.54375 0.1895833328125 0.5578125 0.175
1 0.578125 0.2666666671875 0.5640625 0.2604166671875 0.55 0.2604166671875 0.540625 0.2708333328125 0.540625 0.2833333328125 0.5515625 0.2916666671875 0.578125 0.2791666671875 0.578125 0.2666666671875
1 0.6625 0.2875 0.64375 0.2854166671875 0.6359375 0.29375 0.6359375 0.32083333281250004 0.6578125 0.325 0.6671875 0.3145833328125 0.6625 0.2875
1 0.69375 0.43958333281249995 0.696875 0.41875 0.678125 0.3854166671875 0.6640625 0.38333333281250004 0.6515625 0.39375 0.6515625 0.4125 0.66875 0.4458333328125 0.684375 0.4479166671875 0.69375 0.43958333281249995
1 0.778125 0.45 0.7703125 0.4375 0.7453125 0.4458333328125 0.740625 0.4583333328125 0.7515625 0.46666666718750005 0.76875 0.46458333281249997 0.778125 0.45
1 0.615625 0.5020833328125 0.6109375 0.48333333281249996 0.5859375 0.4875 0.584375 0.5 0.590625 0.5083333328124999 0.609375 0.5104166671875 0.615625 0.5020833328125
1 0.73125 0.6604166671875 0.725 0.6479166671875001 0.6984375 0.6520833328125 0.6953125 0.6604166671875 0.7078125 0.6729166671875 0.7203125 0.6729166671875 0.73125 0.6604166671875
1 0.6625 0.6833333328125 0.65625 0.6770833328125 0.6421875 0.675 0.63125 0.6854166671875 0.6296875 0.6979166671875 0.640625 0.70625 0.6625 0.6979166671875 0.6625 0.6833333328125
1 0.5265625 0.6770833328125 0.5140625 0.6625 0.4875 0.6708333328125 0.484375 0.6875 0.490625 0.69375 0.515625 0.6916666671875 0.5265625 0.6770833328125
1 0.4609375 0.5458333328125 0.453125 0.5270833328125 0.4265625 0.525 0.41875 0.53125 0.415625 0.5458333328125 0.43125 0.55625 0.4515625 0.55625 0.4609375 0.5458333328125
1 0.4328125 0.43125 0.4375 0.4166666671875 0.4109375 0.3854166671875 0.3953125 0.3895833328125 0.3859375 0.4270833328125 0.390625 0.44375 0.4078125 0.4479166671875 0.4328125 0.43125
1 0.509375 0.36875 0.4953125 0.3166666671875 0.4703125 0.32083333281250004 0.45625 0.3583333328125 0.45625 0.3791666671875 0.4703125 0.3895833328125 0.490625 0.3875 0.509375 0.36875
1 0.415625 0.30416666718749996 0.3890625 0.2958333328125 0.3640625 0.3125 0.3671875 0.3333333328125 0.384375 0.3375 0.4015625 0.33125 0.415625 0.30416666718749996
1 0.2703125 0.31875 0.246875 0.3020833328125 0.2296875 0.3104166671875 0.228125 0.31875 0.2375 0.33125 0.2578125 0.33125 0.2703125 0.31875
1 0.5265625 0.5354166671875 0.5078125 0.5208333328125 0.4921875 0.5270833328125 0.4890625 0.5479166671875 0.5015625 0.5583333328125 0.51875 0.5520833328125 0.5265625 0.5354166671875
1 0.5203125 0.625 0.5203125 0.6125 0.5125 0.6041666671875 0.4828125 0.6104166671875 0.4796875 0.625 0.490625 0.6375 0.5109375 0.6375 0.5203125 0.625
1 0.2765625 0.6625 0.25625 0.65 0.23125 0.6541666671875 0.2296875 0.6729166671875 0.2390625 0.68125 0.26875 0.675 0.2765625 0.6625
1 0.6265625 0.8145833328125001 0.6234375 0.8020833328125001 0.5890625 0.7708333328125 0.5671875 0.775 0.5546875 0.7916666671875 0.553125 0.8208333328125 0.5671875 0.84375 0.60625 0.8354166671875 0.6265625 0.8145833328125001
1 0.55 0.86875 0.528125 0.8604166671875 0.5078125 0.875 0.50625 0.8895833328125 0.525 0.8979166671875 0.5390625 0.8916666671875 0.55 0.86875
1 0.71875 0.8145833328125001 0.7125 0.8041666671875 0.6859375 0.8104166671874999 0.684375 0.8229166671874999 0.6921875 0.8291666671875 0.709375 0.8291666671875 0.71875 0.8145833328125001
1 0.465625 0.17916666718750002 0.4578125 0.1666666671875 0.4296875 0.1708333328125 0.425 0.1854166671875 0.4359375 0.2 0.453125 0.19583333281249998 0.465625 0.17916666718750002
1 0.6265625 0 0.6265625 0.0083333328125 0.634375 0.025 0.6609375 0.03125 0.6796875 0 0.6265625 0