1 0.7 0.6229166671875 0.7109375 0.5875 0.7046875 0.5541666671875001 0.6984375 0.5479166671875 0.6796875 0.5520833328125 0.66875 0.5916666671875 0.6671875 0.6395833328125 0.6703125 0.6479166671875001 0.68125 0.6458333328125 0.7 0.6229166671875
1 0.690625 0.3479166671875 0.6828125 0.3375 0.6671875 0.33541666718749996 0.653125 0.36875 0.6515625 0.40208333281249997 0.671875 0.42291666718750004 0.684375 0.40416666718750005 0.690625 0.3479166671875
1 0.6953125 0.1541666671875 0.68125 0.14375 0.6671875 0.15 0.6609375 0.1625 0.6609375 0.1979166671875 0.6859375 0.20416666718749998 0.696875 0.1770833328125 0.6953125 0.1541666671875
1 0.375 0.3125 0.3625 0.3083333328125 0.3484375 0.31875 0.346875 0.33125 0.353125 0.3416666671875 0.375 0.3395833328125 0.375 0.3125
1 0.440625 0.4145833328125 0.44375 0.3854166671875 0.41875 0.3604166671875 0.4109375 0.3395833328125 0.3875 0.3375 0.38125 0.34375 0.384375 0.3708333328125 0.4125 0.425 0.425 0.4270833328125 0.440625 0.4145833328125
1 0.36875 0.55625 0.353125 0.5458333328125 0.34375 0.5604166671875 0.3390625 0.59375 0.3546875 0.6 0.36875 0.575 0.36875 0.55625
1 0.4359375 0.8416666671874999 0.453125 0.8145833328125001 0.45625 0.7895833328124999 0.4359375 0.7729166671875001 0.41875 0.7729166671875001 0.4078125 0.7833333328125 0.40625 0.8104166671874999 0.4125 0.8333333328125001 0.4234375 0.84375 0.4359375 0.8416666671874999
1 0.68125 0.9 0.6734375 0.8833333328125 0.65625 0.8854166671874999 0.6484375 0.8958333328125001 0.646875 0.9166666671874999 0.6578125 0.93125 0.6703125 0.9270833328125001 0.68125 0.9
1 0.665625 0.69375 0.646875 0.6916666671875 0.6359375 0.7125 0.6359375 0.7375 0.646875 0.7458333328125 0.6625 0.7270833328124999 0.665625 0.69375
1 0.4984375 0.2770833328125 0.48125 0.27291666718749996 0.46875 0.2833333328125 0.4703125 0.3166666671875 0.484375 0.32083333281250004 0.4984375 0.30416666718749996 0.4984375 0.2770833328125
1 0.5328125 0.6229166671875 0.5140625 0.6229166671875 0.5 0.6395833328125 0.5046875 0.6583333328125 0.5234375 0.6583333328125 0.5390625 0.63125 0.5328125 0.6229166671875
1 0.503125 0.7416666671875001 0.4828125 0.7354166671875 0.4671875 0.7583333328124999 0.4671875 0.78125 0.4828125 0.7854166671875 0.5 0.7625 0.503125 0.7416666671875001
1 0.40625 0.9604166671875 0.390625 0.9625 0.3875 0.9979166671874999 0.41875 0.9979166671874999 0.415625 0.9729166671874999 0.40625 0.9604166671875
1 0.521875 0.8833333328125 0.54375 0.8520833328125 0.54375 0.8354166671875 0.525 0.8229166671874999 0.478125 0.8229166671874999 0.46875 0.8333333328125001 0.4671875 0.8604166671875 0.4734375 0.8770833328125001 0.4890625 0.8916666671875 0.521875 0.8833333328125
1 0.6484375 0.0666666671875 0.6453125 0.05208333281250001 0.634375 0.04375 0.6109375 0.058333332812500006 0.6125 0.0791666671875 0.625 0.09375 0.634375 0.09375 0.6484375 0.0666666671875
1 0.6390625 0.31875 0.615625 0.30625 0.6078125 0.3125 0.6015625 0.33541666718749996 0.6 0.35625 0.628396875 0.3686604171875 0.637228125 0.3550729171875 0.6390625 0.31875
1 0.5359375 0.4479166671875 0.5359375 0.4270833328125 0.5140625 0.40416666718750005 0.498640625 0.41304375000000004 0.489809375 0.4338770828125 0.4890625 0.475 0.503125 0.48541666718750004 0.521875 0.48125 0.5359375 0.4479166671875