1 0.3359375 0.32083333281250004 0.3484375 0.30416666718749996 0.3453125 0.28958333281250004 0.334375 0.28125 0.303125 0.28125 0.296875 0.28958333281250004 0.2984375 0.30625 0.315625 0.32083333281250004 0.3359375 0.32083333281250004
1 0.2328125 0.10833333281249999 0.221875 0.0895833328125 0.196875 0.09375 0.19375 0.1166666671875 0.203125 0.125 0.2234375 0.12291666718750001 0.2328125 0.10833333281249999
1 0.4796875 0.20208333281250002 0.4609375 0.20208333281250002 0.4546875 0.2104166671875 0.4609375 0.2270833328125 0.4828125 0.2208333328125 0.4796875 0.20208333281250002
1 0.56875 0.0770833328125 0.56875 0.0666666671875 0.553125 0.05625 0.5203125 0.054166667187499996 0.51875 0.07291666718749999 0.5359375 0.0916666671875 0.5578125 0.0916666671875 0.56875 0.0770833328125
1 0.5546875 0.1895833328125 0.5546875 0.175 0.5453125 0.1666666671875 0.528125 0.1604166671875 0.503125 0.1666666671875 0.503125 0.18125 0.521875 0.1979166671875 0.5390625 0.2 0.5546875 0.1895833328125
1 0.746875 0.054166667187499996 0.7375 0.0416666671875 0.7140625 0.0458333328125 0.7109375 0.05625 0.71875 0.06875 0.734375 0.06875 0.746875 0.054166667187499996
1 0.728125 0.34375 0.7265625 0.3291666671875 0.7140625 0.3229166671875 0.6953125 0.3229166671875 0.6859375 0.33125 0.6859375 0.35208333281250004 0.69375 0.3604166671875 0.7125 0.3604166671875 0.728125 0.34375
1 0.6484375 0.49375 0.615625 0.49375 0.615625 0.5208333328125 0.646875 0.5229166671875001 0.6609375 0.5083333328124999 0.6484375 0.49375
1 0.49375 0.46875 0.490625 0.45416666718750004 0.475 0.4458333328125 0.4515625 0.45625 0.45 0.47291666718750003 0.4625 0.48333333281249996 0.4875 0.4791666671875 0.49375 0.46875
1 0.375 0.4270833328125 0.35625 0.4166666671875 0.3359375 0.41875 0.3234375 0.43125 0.3234375 0.45208333281249996 0.35 0.46666666718750005 0.378125 0.43958333281249995 0.375 0.4270833328125
1 0.490625 0.5375 0.4921875 0.5166666671875 0.48125 0.5041666671875 0.4578125 0.5041666671875 0.43125 0.5333333328125 0.4296875 0.54375 0.4375 0.55 0.46875 0.5520833328125 0.490625 0.5375
1 0.43125 0.5541666671875001 0.4328125 0.5416666671875 0.4234375 0.53125 0.3921875 0.53125 0.390625 0.55 0.4046875 0.5666666671875 0.41875 0.5666666671875 0.43125 0.5541666671875001
1 0.3484375 0.6458333328125 0.3359375 0.6291666671875 0.309375 0.6395833328125 0.3078125 0.6479166671875001 0.3171875 0.6625 0.334375 0.6625 0.3484375 0.6458333328125
1 0.625 0.9395833328125001 0.6234375 0.9229166671875 0.596875 0.9020833328125001 0.5671875 0.90625 0.5546875 0.925 0.55625 0.9625 0.575 0.9770833328125 0.6125 0.9645833328125001 0.625 0.9395833328125001
1 0.625 0.6104166671875 0.6234375 0.5958333328125 0.6125 0.5854166671875001 0.590625 0.5833333328125 0.571875 0.59375 0.571875 0.6145833328125 0.5921875 0.6291666671875 0.6140625 0.6291666671875 0.625 0.6104166671875
1 0.70625 0.6 0.70625 0.5833333328125 0.6984375 0.5708333328124999 0.6703125 0.5729166671875 0.6640625 0.58125 0.6703125 0.6041666671875 0.6984375 0.6083333328125 0.70625 0.6
1 0.525 0.31875 0.5265625 0.30416666718749996 0.51875 0.28958333281250004 0.50625 0.2875 0.4921875 0.2979166671875 0.4890625 0.32083333281250004 0.4984375 0.3291666671875 0.5171875 0.3291666671875 0.525 0.31875
1 0.575 0.3583333328125 0.5625 0.3458333328125 0.5359375 0.35 0.534375 0.3625 0.5421875 0.3708333328125 0.5625 0.3708333328125 0.575 0.3583333328125
1 0.5828125 0.775 0.5734375 0.7520833328125 0.5484375 0.7541666671875 0.5453125 0.7729166671875001 0.55625 0.7833333328125 0.5703125 0.7854166671875 0.5828125 0.775
1 0.696875 0.7125 0.6890625 0.6958333328124999 0.665625 0.6958333328124999 0.65625 0.7083333328125 0.653125 0.7354166671875 0.659375 0.74375 0.6859375 0.7395833328125 0.696875 0.7125