1 0.6015625 0.1041666671875 0.5921875 0.08333333281250001 0.565625 0.0875 0.5640625 0.1041666671875 0.575 0.1145833328125 0.5953125 0.1145833328125 0.6015625 0.1041666671875
1 0.259375 0.11875 0.2578125 0.10833333281249999 0.2421875 0.0958333328125 0.215625 0.1 0.2125 0.1208333328125 0.221875 0.13125 0.2453125 0.13125 0.259375 0.11875
1 0.4234375 0.029166667187500002 0.4234375 0.0166666671875 0.4125 0.0083333328125 0.3875 0.01875 0.384375 0.03125 0.3921875 0.0375 0.4125 0.0375 0.4234375 0.029166667187500002
1 0.7390625 0.1833333328125 0.728125 0.16875 0.7078125 0.1708333328125 0.7015625 0.17916666718750002 0.7078125 0.1979166671875 0.728125 0.1979166671875 0.7390625 0.1833333328125
1 0.69375 0.49583333281249997 0.6921875 0.4875 0.6734375 0.48125 0.65 0.4895833328125 0.6484375 0.49791666718750005 0.6578125 0.5104166671875 0.6765625 0.5083333328124999 0.69375 0.49583333281249997
1 0.5375 0.6104166671875 0.5359375 0.5916666671875 0.515625 0.5770833328125 0.4859375 0.5791666671875 0.4671875 0.5958333328125 0.4671875 0.6229166671875 0.4984375 0.64375 0.5203125 0.6395833328125 0.5375 0.6104166671875
1 0.5890625 0.6958333328124999 0.5890625 0.6833333328125 0.5703125 0.6708333328125 0.534375 0.66875 0.525 0.675 0.525 0.69375 0.540625 0.70625 0.5625 0.7083333328125 0.5890625 0.6958333328124999
1 0.425 0.5958333328125 0.425 0.5791666671875 0.41875 0.5708333328124999 0.396875 0.5708333328124999 0.3875 0.5833333328125 0.3890625 0.6104166671875 0.396875 0.61875 0.4171875 0.6125 0.425 0.5958333328125
1 0.3375 0.5458333328125 0.303125 0.53125 0.2734375 0.5395833328124999 0.271875 0.5583333328125 0.28125 0.5666666671875 0.315625 0.5645833328125 0.3375 0.5458333328125
1 0.44375 0.7833333328125 0.41875 0.7708333328125 0.39375 0.7854166671875 0.3953125 0.8041666671875 0.421875 0.8083333328125001 0.4390625 0.7979166671875 0.44375 0.7833333328125
1 0.4953125 0.8604166671875 0.4875 0.8458333328125001 0.459375 0.8541666671874999 0.4578125 0.875 0.4640625 0.88125 0.484375 0.8791666671874999 0.4953125 0.8604166671875
1 0.5625 0.925 0.5625 0.9083333328125001 0.55 0.8916666671875 0.53125 0.8895833328125 0.515625 0.9 0.5140625 0.9229166671875 0.521875 0.93125 0.5453125 0.9354166671874999 0.5625 0.925
1 0.4390625 0.95 0.43125 0.93125 0.4125 0.9291666671875 0.4 0.9395833328125001 0.4015625 0.95625 0.4140625 0.9666666671874999 0.4234375 0.9666666671874999 0.4390625 0.95
1 0.628125 0.91875 0.6203125 0.9 0.590625 0.9020833328125001 0.5859375 0.9125 0.6 0.925 0.6203125 0.9270833328125001 0.628125 0.91875
1 0.759375 0.9854166671875 0.7484375 0.9770833328125 0.725 0.9854166671875 0.7203125 0.9979166671874999 0.7578125 0.9979166671874999 0.759375 0.99375 0.759375 0.9854166671875
1 0.3640625 0.3479166671875 0.3578125 0.33541666718749996 0.340625 0.33125 0.325 0.3541666671875 0.3203125 0.3791666671875 0.3390625 0.3854166671875 0.3625 0.3604166671875 0.3640625 0.3479166671875
1 0.48125 0.26875 0.48125 0.25625 0.4703125 0.2479166671875 0.45 0.2479166671875 0.4375 0.25833333281250004 0.434375 0.2708333328125 0.44375 0.2833333328125 0.4671875 0.2833333328125 0.48125 0.26875