1 0.5140625 0.1416666671875 0.50625 0.1270833328125 0.446875 0.1041666671875 0.4203125 0.1125 0.421875 0.1375 0.45 0.15625 0.4921875 0.15625 0.5140625 0.1416666671875
1 0.4 0.1708333328125 0.4 0.1604166671875 0.390625 0.1520833328125 0.3703125 0.1541666671875 0.365625 0.1729166671875 0.371875 0.18125 0.3921875 0.18125 0.4 0.1708333328125
1 0.7890625 0.3458333328125 0.778125 0.33125 0.746875 0.33125 0.740625 0.3479166671875 0.7484375 0.3583333328125 0.775 0.3583333328125 0.7890625 0.3458333328125
1 0.6359375 0.44375 0.6328125 0.4270833328125 0.609375 0.4291666671875 0.6015625 0.44375 0.6109375 0.45416666718750004 0.6265625 0.45416666718750004 0.6359375 0.44375
1 0.4828125 0.3708333328125 0.475 0.35625 0.453125 0.3541666671875 0.44375 0.3625 0.44375 0.3770833328125 0.4515625 0.3875 0.471875 0.3875 0.4828125 0.3708333328125
1 0.490625 0.49375 0.5109375 0.47291666718750003 0.5109375 0.46458333281249997 0.49375 0.45416666718750004 0.43125 0.4604166671875 0.4265625 0.47083333281249995 0.4375 0.48333333281249996 0.4734375 0.49791666718750005 0.490625 0.49375
1 0.38125 0.49791666718750005 0.3796875 0.48541666718750004 0.365625 0.4770833328125 0.3546875 0.475 0.3421875 0.48541666718750004 0.340625 0.5 0.3515625 0.5104166671875 0.3703125 0.5104166671875 0.38125 0.49791666718750005
1 0.328125 0.5375 0.3109375 0.54375 0.3140625 0.5625 0.3296875 0.5604166671875 0.334375 0.5520833328125 0.328125 0.5375
1 0.340625 0.8895833328125 0.3421875 0.8708333328125001 0.3140625 0.8666666671875 0.309375 0.8729166671874999 0.3125 0.8916666671875 0.33125 0.8979166671875 0.340625 0.8895833328125
1 0.5609375 0.5833333328125 0.55625 0.54375 0.5421875 0.5354166671875 0.496875 0.5375 0.4796875 0.5520833328125 0.48125 0.5791666671875 0.5046875 0.5958333328125 0.546875 0.6020833328124999 0.5609375 0.5833333328125
1 0.6453125 0.6854166671875 0.64375 0.6729166671875 0.6296875 0.6583333328125 0.6015625 0.6541666671875 0.5890625 0.6604166671875 0.5828125 0.6708333328125 0.5875 0.6770833328125 0.625 0.6916666671875 0.6453125 0.6854166671875
1 0.68125 0.9833333328125 0.6671875 0.9583333328125001 0.65 0.9541666671875 0.6359375 0.9666666671874999 0.6375 0.9854166671875 0.6484375 0.9979166671874999 0.6828125 0.9979166671874999 0.68125 0.9833333328125
1 0.4828125 0.2645833328125 0.4828125 0.2541666671875 0.46875 0.24375 0.4375 0.2416666671875 0.428125 0.25 0.4265625 0.2666666671875 0.440625 0.2791666671875 0.4671875 0.2791666671875 0.4828125 0.2645833328125
1 0.6875 0.2666666671875 0.6875 0.24375 0.675 0.22291666718749997 0.6640625 0.22291666718749997 0.6515625 0.2416666671875 0.65 0.2604166671875 0.6578125 0.275 0.675 0.2770833328125 0.6875 0.2666666671875