1 0.33125 0.15625 0.3296875 0.1416666671875 0.321875 0.1375 0.296875 0.15 0.2953125 0.16875 0.3015625 0.17916666718750002 0.3203125 0.175 0.33125 0.15625
1 0.221875 0.25625 0.1953125 0.2625 0.2 0.2833333328125 0.2171875 0.2833333328125 0.2328125 0.26875 0.221875 0.25625
1 0.228125 0.4916666671875 0.221875 0.47291666718750003 0.1921875 0.475 0.190625 0.4875 0.2 0.49791666718750005 0.21875 0.5 0.228125 0.4916666671875
1 0.3609375 0.0354166671875 0.3609375 0.0208333328125 0.35 0.0083333328125 0.3375 0.0083333328125 0.3234375 0.0229166671875 0.321875 0.0395833328125 0.3359375 0.0479166671875 0.353125 0.0479166671875 0.3609375 0.0354166671875
1 0.7234375 0.0666666671875 0.703125 0.0666666671875 0.6875 0.0770833328125 0.690625 0.0958333328125 0.7171875 0.09375 0.734375 0.0791666671875 0.7234375 0.0666666671875
1 0.6171875 0.10833333281249999 0.615625 0.08541666718749999 0.6 0.07291666718749999 0.578125 0.0770833328125 0.56875 0.0895833328125 0.5703125 0.11041666718750001 0.584375 0.1208333328125 0.6078125 0.1208333328125 0.6171875 0.10833333281249999
1 0.6453125 0.16875 0.6421875 0.1541666671875 0.625 0.1416666671875 0.60625 0.1416666671875 0.5921875 0.1541666671875 0.5921875 0.1770833328125 0.6078125 0.2 0.625 0.19583333281249998 0.6453125 0.16875
1 0.440625 0.09375 0.4359375 0.08125 0.4203125 0.07291666718749999 0.39375 0.08333333281250001 0.3890625 0.10625 0.403125 0.125 0.4296875 0.1166666671875 0.440625 0.09375
1 0.6046875 0.3020833328125 0.615625 0.2979166671875 0.628125 0.26875 0.63125 0.2270833328125 0.609375 0.20416666718749998 0.5703125 0.2 0.559375 0.2104166671875 0.559375 0.22916666718749998 0.5875 0.2520833328125 0.590625 0.2916666671875 0.6046875 0.3020833328125
1 0.65625 0.40833333281249995 0.646875 0.40208333281249997 0.6234375 0.4125 0.6296875 0.4270833328125 0.646875 0.4270833328125 0.65625 0.41875 0.65625 0.40833333281249995
1 0.61875 0.5583333328125 0.6140625 0.54375 0.5984375 0.5333333328125 0.584375 0.5375 0.578125 0.5479166671875 0.578125 0.5625 0.5953125 0.575 0.6140625 0.5708333328124999 0.61875 0.5583333328125
1 0.740625 0.7354166671875 0.7390625 0.7208333328125 0.728125 0.7145833328125 0.703125 0.7270833328124999 0.703125 0.7375 0.7203125 0.7520833328125 0.734375 0.7479166671875 0.740625 0.7354166671875
1 0.4765625 0.6729166671875 0.4765625 0.6458333328125 0.46875 0.6270833328125 0.4453125 0.63125 0.43125 0.6479166671875001 0.43125 0.675 0.4390625 0.6875 0.4578125 0.6875 0.4765625 0.6729166671875
1 0.69375 0.8333333328125001 0.6703125 0.8354166671875 0.671875 0.8604166671875 0.6859375 0.8645833328125001 0.69375 0.85625 0.69375 0.8333333328125001
1 0.64375 0.9479166671874999 0.621875 0.9520833328125 0.6171875 0.9645833328125001 0.628125 0.975 0.65 0.9645833328125001 0.64375 0.9479166671874999
1 0.4609375 0.8895833328125 0.4546875 0.86875 0.41875 0.8333333328125001 0.403125 0.8291666671875 0.390625 0.8375 0.3890625 0.85 0.4046875 0.8916666671875 0.4421875 0.9020833328125001 0.4609375 0.8895833328125
1 0.365625 0.8875 0.3515625 0.9020833328125001 0.353125 0.9208333328125 0.371875 0.9229166671875 0.3890625 0.8958333328125001 0.365625 0.8875
1 0.578125 0.8854166671874999 0.5765625 0.8729166671874999 0.5625 0.8645833328125001 0.5390625 0.8729166671874999 0.5390625 0.8895833328125 0.5515625 0.8979166671875 0.56875 0.8958333328125001 0.578125 0.8854166671874999