1 0.3421875 0.32083333281250004 0.3390625 0.29375 0.3296875 0.2833333328125 0.3078125 0.28958333281250004 0.30625 0.3416666671875 0.3140625 0.35208333281250004 0.3296875 0.3479166671875 0.3421875 0.32083333281250004
1 0.4 0.1541666671875 0.403125 0.12291666718750001 0.3875 0.1166666671875 0.3734375 0.125 0.371875 0.1625 0.3765625 0.16875 0.3921875 0.1666666671875 0.4 0.1541666671875
1 0.4765625 0.08125 0.4890625 0.060416667187499995 0.4921875 0.025 0.4796875 0.010416667187500001 0.4640625 0.0083333328125 0.45 0.0270833328125 0.446875 0.05208333281250001 0.4515625 0.07291666718749999 0.465625 0.08541666718749999 0.4765625 0.08125
1 0.7484375 0.3875 0.7390625 0.36875 0.721875 0.36666666718749996 0.7140625 0.3791666671875 0.7125 0.4166666671875 0.7171875 0.42291666718750004 0.7421875 0.41041666718750003 0.7484375 0.3875
1 0.6421875 0.32083333281250004 0.6453125 0.2708333328125 0.6390625 0.25 0.625 0.2541666671875 0.6125 0.3020833328125 0.60625 0.35 0.6125 0.3625 0.6234375 0.3645833328125 0.6421875 0.32083333281250004
1 0.6671875 0.1708333328125 0.6734375 0.1375 0.6609375 0.1145833328125 0.63125 0.1125 0.6171875 0.13125 0.6171875 0.16458333281249998 0.6296875 0.1854166671875 0.6578125 0.18125 0.6671875 0.1708333328125
1 0.6515625 0.575 0.65625 0.55625 0.653125 0.5270833328125 0.634375 0.5229166671875001 0.61875 0.5458333328125 0.6171875 0.5729166671875 0.621875 0.58125 0.6359375 0.5854166671875001 0.6515625 0.575
1 0.64375 0.725 0.640625 0.6708333328125 0.628125 0.6625 0.6140625 0.675 0.6171875 0.725 0.628125 0.7354166671875 0.6390625 0.7333333328125 0.64375 0.725
1 0.6828125 0.7708333328125 0.671875 0.7604166671875 0.653125 0.775 0.653125 0.7895833328124999 0.6671875 0.8020833328125001 0.684375 0.7875 0.6828125 0.7708333328125
1 0.5859375 0.7104166671875001 0.5875 0.6895833328125 0.578125 0.65625 0.553125 0.6520833328125 0.5375 0.6666666671875 0.5375 0.6875 0.5515625 0.7208333328125 0.571875 0.725 0.5859375 0.7104166671875001
1 0.515625 0.69375 0.5265625 0.6625 0.5296875 0.6208333328125 0.5203125 0.6125 0.5015625 0.6125 0.4828125 0.6333333328124999 0.4828125 0.6625 0.49375 0.6958333328124999 0.50625 0.7 0.515625 0.69375
1 0.45652187499999997 0.7327895828125001 0.4625 0.7 0.4515625 0.6666666671875 0.425 0.6520833328125 0.409375 0.6520833328125 0.390625 0.6645833328124999 0.38125 0.6854166671875 0.3796875 0.7083333328125 0.3890625 0.7270833328124999 0.44375 0.7354166671875 0.45652187499999997 0.7327895828125001
1 0.303125 0.8104166671874999 0.3015625 0.7916666671875 0.290625 0.78125 0.2765625 0.78125 0.2609375 0.7979166671875 0.259375 0.825 0.26875 0.8416666671874999 0.2921875 0.8354166671875 0.303125 0.8104166671874999
1 0.3484375 0.7770833328125 0.3421875 0.7583333328124999 0.3171875 0.7625 0.315625 0.7854166671875 0.325 0.7979166671875 0.3390625 0.79375 0.3484375 0.7770833328125
1 0.45 0.9125 0.446875 0.8729166671874999 0.4328125 0.8625 0.4171875 0.8645833328125001 0.403125 0.8833333328125 0.4015625 0.9145833328125 0.4078125 0.94375 0.4359375 0.9416666671874999 0.45 0.9125
1 0.553125 0.80625 0.553125 0.7770833328125 0.54375 0.7625 0.490625 0.7625 0.4646734375 0.7672104171874999 0.45652187499999997 0.7807979171875 0.45 0.8270833328125 0.465625 0.8458333328125001 0.534375 0.83125 0.553125 0.80625