1 0.3171875 0.0270833328125 0.296875 0.0333333328125 0.3015625 0.054166667187499996 0.31875 0.05625 0.3265625 0.0458333328125 0.3171875 0.0270833328125
1 0.3625 0.1041666671875 0.3421875 0.0958333328125 0.325 0.10833333281249999 0.3265625 0.125 0.3453125 0.1270833328125 0.35625 0.1208333328125 0.3625 0.1041666671875
1 0.3234375 0.1666666671875 0.3046875 0.1708333328125 0.3 0.17916666718750002 0.3109375 0.1875 0.3328125 0.18125 0.3234375 0.1666666671875
1 0.71875 0.08333333281250001 0.7171875 0.07291666718749999 0.7046875 0.0645833328125 0.6921875 0.0645833328125 0.68125 0.075 0.68125 0.0916666671875 0.690625 0.0979166671875 0.7109375 0.0958333328125 0.71875 0.08333333281250001
1 0.746875 0.23333333281250002 0.7390625 0.1979166671875 0.725 0.19583333281249998 0.715625 0.20625 0.7140625 0.21875 0.725 0.23958333281250002 0.7359375 0.24375 0.746875 0.23333333281250002
1 0.5 0.21458333281250003 0.5 0.20208333281250002 0.484375 0.1916666671875 0.4578125 0.19375 0.4453125 0.20416666718749998 0.440625 0.21875 0.45625 0.2375 0.4890625 0.2270833328125 0.5 0.21458333281250003
1 0.3546875 0.31875 0.3515625 0.3083333328125 0.3390625 0.3020833328125 0.309375 0.3125 0.309375 0.33125 0.3234375 0.3458333328125 0.3421875 0.3416666671875 0.3546875 0.31875
1 0.340625 0.43333333281249997 0.340625 0.4166666671875 0.334375 0.41041666718750003 0.30625 0.4166666671875 0.3046875 0.43125 0.315625 0.44375 0.3296875 0.44375 0.340625 0.43333333281249997
1 0.4828125 0.3604166671875 0.475 0.34375 0.4421875 0.3458333328125 0.4359375 0.35625 0.4515625 0.3729166671875 0.471875 0.3729166671875 0.4828125 0.3604166671875
1 0.5421875 0.2833333328125 0.5421875 0.2708333328125 0.534375 0.2625 0.5140625 0.2604166671875 0.496875 0.2708333328125 0.496875 0.2916666671875 0.5046875 0.3 0.5234375 0.3 0.5421875 0.2833333328125
1 0.596875 0.3375 0.59375 0.325 0.575 0.31875 0.5578125 0.32083333281250004 0.546875 0.3333333328125 0.54375 0.35 0.553125 0.3625 0.5796875 0.3604166671875 0.596875 0.3375
1 0.528125 0.5333333328125 0.559375 0.525 0.5796875 0.49583333281249997 0.58125 0.45416666718750004 0.5703125 0.44166666718750003 0.55 0.44375 0.55 0.49583333281249997 0.5421875 0.5125 0.5265625 0.5208333328125 0.528125 0.5333333328125
1 0.6953125 0.55 0.68125 0.5333333328125 0.6515625 0.5333333328125 0.6359375 0.54375 0.6359375 0.5625 0.653125 0.5729166671875 0.6796875 0.56875 0.6953125 0.55
1 0.6046875 0.56875 0.5984375 0.5604166671875 0.5734375 0.5625 0.571875 0.5833333328125 0.5765625 0.5895833328125 0.603125 0.58125 0.6046875 0.56875
1 0.5421875 0.58125 0.54375 0.56875 0.5328125 0.55625 0.5078125 0.5604166671875 0.5046875 0.5833333328125 0.5109375 0.59375 0.53125 0.59375 0.5421875 0.58125
1 0.578125 0.6625 0.5671875 0.6541666671875 0.5390625 0.6604166671875 0.5375 0.6854166671875 0.559103125 0.6893125 0.5796875 0.675 0.578125 0.6625
1 0.36875 0.7229166671875 0.359375 0.7104166671875001 0.3375 0.7166666671875 0.3375 0.7354166671875 0.346875 0.74375 0.359375 0.7416666671875001 0.36875 0.7229166671875
1 0.5 0.6349645828125 0.484375 0.61413125 0.47554375000000004 0.6150354171875 0.465625 0.6270833328125 0.4640625 0.6458333328125 0.4703125 0.6541666671875 0.4890625 0.6541666671875 0.5 0.6349645828125
1 0.4890625 0.775 0.4828125 0.7583333328124999 0.4703125 0.7520833328125 0.446875 0.7520833328125 0.4265625 0.7625 0.4265625 0.78125 0.4375 0.7916666671875 0.4703125 0.7895833328124999 0.4890625 0.775
1 0.58125 0.83125 0.584375 0.8083333328125001 0.553125 0.8 0.534375 0.8145833328125001 0.525 0.85 0.5328125 0.8604166671875 0.546875 0.8625 0.58125 0.83125
1 0.88125 0.85 0.8796875 0.8354166671875 0.86875 0.8270833328125 0.840625 0.8333333328125001 0.8359375 0.85 0.8484375 0.8604166671875 0.8703125 0.8604166671875 0.88125 0.85
1 0.53125 0.9166666671874999 0.5296875 0.89375 0.5015625 0.8854166671874999 0.4859375 0.8979166671875 0.4875 0.9291666671875 0.50883125 0.9365937499999999 0.5217390625 0.9320645828125 0.53125 0.9166666671874999
1 0.421875 0.9145833328125 0.4203125 0.90625 0.4015625 0.8958333328125001 0.3734375 0.90625 0.3734375 0.925 0.3875 0.9354166671874999 0.4046875 0.9333333328125001 0.421875 0.9145833328125
1 0.196875 0.8395833328125001 0.19375 0.8291666671875 0.1828125 0.825 0.1609375 0.8333333328125001 0.1609375 0.8541666671874999 0.175 0.8625 0.1890625 0.85625 0.196875 0.8395833328125001
1 0.4171875 0.9770833328125 0.4046875 0.9604166671875 0.375 0.9666666671874999 0.375 0.9875 0.3890625 0.9958333328125001 0.4015625 0.99375 0.4171875 0.9770833328125
1 0.550271875 0.95199375 0.5453125 0.9354166671874999 0.5125 0.925 0.5 0.9291666671875 0.496875 0.9520833328125 0.5078125 0.9708333328125001 0.5359375 0.9708333328125001 0.550271875 0.95199375