1 0.409375 0.1020833328125 0.4078125 0.08541666718749999 0.3875 0.0791666671875 0.365625 0.0791666671875 0.353125 0.0875 0.3515625 0.1041666671875 0.365625 0.1125 0.3953125 0.1125 0.409375 0.1020833328125
1 0.6125 0.10625 0.6125 0.1 0.59375 0.0916666671875 0.55625 0.0979166671875 0.5546875 0.1145833328125 0.578125 0.1291666671875 0.5953125 0.125 0.6125 0.10625
1 0.5703125 0.2125 0.56875 0.2 0.5453125 0.1875 0.51875 0.1854166671875 0.509375 0.19375 0.5125 0.225 0.525 0.23333333281250002 0.559375 0.225 0.5703125 0.2125
1 0.340625 0.1395833328125 0.3390625 0.1270833328125 0.3296875 0.12291666718750001 0.303125 0.13333333281249998 0.3 0.14375 0.30625 0.15 0.328125 0.15 0.340625 0.1395833328125
1 0.4359375 0.4145833328125 0.4515625 0.40625 0.453125 0.3895833328125 0.4421875 0.3770833328125 0.4078125 0.3791666671875 0.4 0.3895833328125 0.4 0.40416666718750005 0.40625 0.41041666718750003 0.4359375 0.4145833328125
1 0.7953125 0.3104166671875 0.7953125 0.3020833328125 0.7828125 0.29375 0.7546875 0.29375 0.7484375 0.3145833328125 0.7578125 0.3229166671875 0.7796875 0.3229166671875 0.7953125 0.3104166671875
1 0.6953125 0.5458333328125 0.690625 0.5354166671875 0.6734375 0.5270833328125 0.6515625 0.53125 0.640625 0.54375 0.6375 0.5625 0.64375 0.5708333328124999 0.6609375 0.5708333328124999 0.6953125 0.5458333328125
1 0.796875 0.16458333281249998 0.79375 0.1458333328125 0.7625 0.1458333328125 0.7578125 0.1541666671875 0.7671875 0.16875 0.790625 0.1708333328125 0.796875 0.16458333281249998
1 0.7734375 0.7104166671875001 0.7671875 0.6958333328124999 0.7546875 0.6895833328125 0.73125 0.6979166671875 0.7296875 0.7125 0.7390625 0.7208333328125 0.759375 0.7208333328125 0.7734375 0.7104166671875001
1 0.771875 0.9083333328125001 0.771875 0.8958333328125001 0.759375 0.8833333328125 0.7390625 0.8854166671874999 0.7328125 0.89375 0.73125 0.9125 0.7390625 0.91875 0.7609375 0.91875 0.771875 0.9083333328125001
1 0.3734375 0.975 0.3609375 0.9583333328125001 0.3328125 0.9625 0.328125 0.9833333328125 0.3359375 0.9895833328125001 0.3609375 0.9854166671875 0.3734375 0.975
1 0.48125 0.95 0.465625 0.9333333328125001 0.446875 0.9333333328125001 0.434375 0.94375 0.4328125 0.9604166671875 0.4453125 0.9708333328125001 0.4671875 0.9708333328125001 0.48125 0.95