1 0.55 0.10625 0.54375 0.0916666671875 0.5265625 0.08541666718749999 0.49375 0.0958333328125 0.49375 0.10833333281249999 0.5171875 0.12291666718750001 0.540625 0.11875 0.55 0.10625
1 0.540625 0.2270833328125 0.534375 0.20625 0.5046875 0.20833333281250002 0.4984375 0.2208333328125 0.5125 0.23333333281250002 0.534375 0.23541666718749998 0.540625 0.2270833328125
1 0.4123640625 0.37409375 0.4015625 0.3604166671875 0.3765625 0.3625 0.3734375 0.3791666671875 0.3875 0.3875 0.40625 0.38333333281250004 0.4123640625 0.37409375
1 0.4952453125 0.5199270828125 0.4875 0.50625 0.465625 0.50625 0.45625 0.5145833328125 0.45625 0.5333333328125 0.4640625 0.5416666671875 0.4828125 0.5416666671875 0.4952453125 0.5199270828125
1 0.334375 0.5666666671875 0.328125 0.5520833328125 0.2984375 0.5541666671875001 0.296875 0.5708333328124999 0.30625 0.5770833328125 0.3234375 0.5770833328125 0.334375 0.5666666671875
1 0.6109375 0.6354166671875 0.6125 0.6166666671875001 0.6015625 0.6 0.58125 0.5958333328125 0.5734375 0.6041666671875 0.5734375 0.6208333328125 0.584375 0.6395833328125 0.6015625 0.64375 0.6109375 0.6354166671875
1 0.6125 0.76875 0.6109375 0.7541666671875 0.5828125 0.7395833328125 0.540625 0.75 0.5328125 0.7625 0.5359375 0.7895833328124999 0.5765625 0.81875 0.5953125 0.80625 0.6125 0.76875
1 0.39375 0.9145833328125 0.3859375 0.9 0.3625 0.9020833328125001 0.35625 0.925 0.3640625 0.9333333328125001 0.3796875 0.93125 0.39375 0.9145833328125
1 0.5296875 0.9604166671875 0.5453125 0.9395833328125001 0.54375 0.93125 0.521875 0.925 0.5015625 0.925 0.4828125 0.9354166671874999 0.48125 0.95 0.4875 0.9583333328125001 0.5078125 0.9645833328125001 0.5296875 0.9604166671875
1 0.503125 0.8083333328125001 0.49375 0.7916666671875 0.475 0.7895833328124999 0.4640625 0.7979166671875 0.4640625 0.8125 0.4765625 0.825 0.4953125 0.8208333328125 0.503125 0.8083333328125001
1 0.5197015625 0.3958333328125 0.509375 0.3854166671875 0.4875 0.39375 0.4859375 0.40625 0.4953125 0.4166666671875 0.509375 0.4166666671875 0.5197015625 0.3958333328125