1 0.4390625 0.1375 0.4390625 0.11875 0.4296875 0.10625 0.4125 0.10625 0.4 0.125 0.4 0.1458333328125 0.415625 0.15625 0.4296875 0.1541666671875 0.4390625 0.1375
1 0.678125 0.05208333281250001 0.66875 0.0458333328125 0.6390625 0.05 0.6265625 0.09375 0.625 0.1416666671875 0.6625 0.1395833328125 0.678125 0.10625 0.678125 0.05208333281250001
1 0.3515625 0.19583333281249998 0.340625 0.1916666671875 0.3296875 0.20416666718749998 0.328125 0.23125 0.3484375 0.23541666718749998 0.3546875 0.21458333281250003 0.3515625 0.19583333281249998
1 0.63125 0.2541666671875 0.6296875 0.20833333281250002 0.60625 0.1895833328125 0.590625 0.20416666718749998 0.5875 0.21875 0.5875 0.2916666671875 0.6140625 0.2958333328125 0.6234375 0.2854166671875 0.63125 0.2541666671875
1 0.4328125 0.49583333281249997 0.4328125 0.48125 0.4171875 0.46458333281249997 0.4 0.46458333281249997 0.3921875 0.4770833328125 0.3890625 0.5104166671875 0.4 0.5229166671875001 0.41875 0.51875 0.4328125 0.49583333281249997
1 0.4125 0.375 0.403125 0.3583333328125 0.390625 0.35625 0.35625 0.3958333328125 0.3578125 0.4375 0.3796875 0.4458333328125 0.390625 0.43541666718750005 0.4125 0.375
1 0.4828125 0.61875 0.49375 0.59375 0.49375 0.54375 0.48125 0.5333333328125 0.45625 0.5375 0.434375 0.575 0.434375 0.6208333328125 0.4453125 0.6354166671875 0.4640625 0.6354166671875 0.4828125 0.61875
1 0.625 0.6104166671875 0.625 0.58125 0.6109375 0.5729166671875 0.5921875 0.58125 0.590625 0.5958333328125 0.596875 0.6083333328125 0.6046875 0.6145833328125 0.625 0.6104166671875
1 0.5734375 0.3291666671875 0.5875 0.29375 0.5859375 0.2854166671875 0.51875 0.24583333281250003 0.5015625 0.2479166671875 0.4828125 0.27291666718749996 0.48125 0.29375 0.4953125 0.3125 0.565625 0.3333333328125 0.5734375 0.3291666671875
1 0.6765625 0.6 0.690625 0.58125 0.69375 0.5645833328125 0.6859375 0.5166666671875 0.675 0.5041666671875 0.6546875 0.5041666671875 0.646875 0.5166666671875 0.6453125 0.5479166671875 0.653125 0.5854166671875001 0.6625 0.6 0.6765625 0.6
1 0.73125 0.7166666671875 0.7140625 0.7020833328125 0.69375 0.7125 0.703125 0.7854166671875 0.7078125 0.79375 0.7203125 0.79375 0.73125 0.7166666671875
1 0.490625 0.7291666671875 0.4859375 0.7083333328125 0.465625 0.69375 0.4453125 0.69375 0.4328125 0.7104166671875001 0.4328125 0.7333333328125 0.459375 0.7541666671875 0.475 0.7520833328125 0.490625 0.7291666671875