1 0.5375 0.0645833328125 0.5359375 0.05208333281250001 0.5265625 0.04375 0.4921875 0.0458333328125 0.4890625 0.0666666671875 0.5046875 0.08333333281250001 0.525 0.08125 0.5375 0.0645833328125
1 0.790625 0.2541666671875 0.78125 0.24375 0.7703125 0.23958333281250002 0.7625 0.2479166671875 0.7609375 0.2666666671875 0.7671875 0.275 0.790625 0.2708333328125 0.790625 0.2541666671875
1 0.503125 0.21875 0.5 0.20416666718749998 0.4875 0.19375 0.4734375 0.19375 0.459375 0.20625 0.4578125 0.22291666718749997 0.46875 0.23333333281250002 0.4859375 0.23333333281250002 0.503125 0.21875
1 0.6140625 0.40833333281249995 0.596875 0.4145833328125 0.596875 0.44375 0.6171875 0.4479166671875 0.6234375 0.4166666671875 0.6140625 0.40833333281249995
1 0.721875 0.5708333328124999 0.7140625 0.5583333328125 0.684375 0.5666666671875 0.6828125 0.5791666671875 0.690625 0.5875 0.7203125 0.5833333328125 0.721875 0.5708333328124999
1 0.484375 0.55163125 0.4546875 0.55 0.4328125 0.5645833328125 0.4359375 0.5895833328125 0.4625 0.5958333328125 0.484375 0.5854166671875001 0.484375 0.55163125
1 0.4125 0.4125 0.4125 0.40416666718750005 0.39375 0.39375 0.3765625 0.39375 0.3640625 0.40416666718750005 0.3609375 0.42083333281249996 0.371875 0.4291666671875 0.39375 0.4291666671875 0.4125 0.4125
1 0.4734375 0.7854166671875 0.4734375 0.7729166671875001 0.465625 0.7645833328125 0.4484375 0.7625 0.4375 0.7729166671875001 0.4359375 0.7895833328124999 0.44375 0.8 0.4625 0.8 0.4734375 0.7854166671875
1 0.5953125 0.6125 0.59375 0.59375 0.5859375 0.5895833328125 0.5671875 0.5875 0.55625 0.6 0.55625 0.6229166671875 0.5671875 0.6333333328124999 0.5890625 0.6270833328125 0.5953125 0.6125
1 0.43953749999999997 0.2989125 0.4125 0.2979166671875 0.3921875 0.3125 0.3984375 0.33541666718749996 0.4171875 0.3375 0.440625 0.3270833328125 0.43953749999999997 0.2989125
1 0.54375 0.30625 0.5421875 0.2916666671875 0.528125 0.2854166671875 0.48125 0.2875 0.48125 0.3125 0.5 0.3291666671875 0.528125 0.325 0.54375 0.30625