1 0.471875 0.475 0.46875 0.42291666718750004 0.4515625 0.4145833328125 0.440625 0.4291666671875 0.440625 0.4791666671875 0.4515625 0.49375 0.4609375 0.49375 0.471875 0.475
1 0.434375 0.36666666718749996 0.4328125 0.35208333281250004 0.421875 0.3416666671875 0.40625 0.34375 0.3984375 0.35625 0.3984375 0.3729166671875 0.4140625 0.3875 0.4265625 0.38333333281250004 0.434375 0.36666666718749996
1 0.6625 0.46875 0.6625 0.45416666718750004 0.653125 0.4458333328125 0.6359375 0.4458333328125 0.6234375 0.45625 0.6203125 0.4791666671875 0.6296875 0.4916666671875 0.653125 0.4875 0.6625 0.46875
1 0.703125 0.5729166671875 0.696875 0.5604166671875 0.68125 0.5604166671875 0.6734375 0.56875 0.6703125 0.5854166671875001 0.678125 0.59375 0.69375 0.5895833328125 0.703125 0.5729166671875
1 0.5125 0.70625 0.515625 0.6916666671875 0.5109375 0.6791666671875001 0.48125 0.6770833328125 0.478125 0.6958333328124999 0.4859375 0.7166666671875 0.5 0.71875 0.5125 0.70625
1 0.46875 0.6458333328125 0.465625 0.625 0.4578125 0.61875 0.4390625 0.6229166671875 0.434375 0.65 0.4421875 0.6604166671875 0.4609375 0.6625 0.46875 0.6458333328125
1 0.5640625 0.825 0.565625 0.7979166671875 0.5609375 0.7854166671875 0.5453125 0.78125 0.5265625 0.79375 0.5171875 0.8104166671874999 0.5171875 0.8354166671875 0.528125 0.8458333328125001 0.5421875 0.8458333328125001 0.5640625 0.825
1 0.6453125 0.81875 0.6703125 0.8375 0.684375 0.8375 0.6984375 0.8020833328125001 0.69375 0.7708333328125 0.678125 0.7645833328125 0.64375 0.76875 0.6328125 0.75625 0.6125 0.75625 0.590625 0.775 0.5890625 0.7854166671875 0.596875 0.8 0.6203125 0.8145833328125001 0.6453125 0.81875
1 0.640625 0.0458333328125 0.6375 0.0208333328125 0.6203125 0.0083333328125 0.60625 0.014583332812499999 0.60625 0.0416666671875 0.6140625 0.05625 0.6265625 0.058333332812500006 0.640625 0.0458333328125
1 0.71875 0.0625 0.7015625 0.05625 0.684375 0.075 0.684375 0.1041666671875 0.7109375 0.125 0.7203125 0.1041666671875 0.71875 0.0625
1 0.6890625 0.1458333328125 0.6828125 0.1354166671875 0.6671875 0.13125 0.65625 0.1458333328125 0.659375 0.1729166671875 0.6765625 0.1770833328125 0.6875 0.1666666671875 0.6890625 0.1458333328125
1 0.6828125 0.95625 0.671875 0.9875 0.6703125 0.9979166671874999 0.7171875 0.9979166671874999 0.696875 0.9458333328125 0.6828125 0.95625
1 0.5876359375 0.5978270828125 0.5890625 0.5708333328124999 0.5890625 0.5541666671875001 0.5765625 0.5375 0.553125 0.5395833328124999 0.54375 0.5604166671875 0.5390625 0.5833333328125 0.553125 0.6145833328125 0.571875 0.6145833328125 0.5876359375 0.5978270828125
1 0.628125 0.6416666671875 0.61875 0.6354166671875 0.6015625 0.65 0.6046875 0.68125 0.6171875 0.6895833328125 0.6328125 0.6833333328125 0.628125 0.6416666671875
1 0.5375 0.5770833328125 0.540625 0.5583333328125 0.534375 0.5479166671875 0.5203125 0.5416666671875 0.5015625 0.5458333328125 0.4953125 0.5645833328125 0.5078125 0.5833333328125 0.5203125 0.5875 0.5375 0.5770833328125