1 0.3640625 0.4479166671875 0.3703125 0.3770833328125 0.359375 0.3395833328125 0.346875 0.32083333281250004 0.3390625 0.3229166671875 0.328125 0.35208333281250004 0.3296875 0.43125 0.3375 0.47083333281249995 0.34375 0.4770833328125 0.3640625 0.4479166671875
1 0.715625 0.4916666671875 0.7171875 0.46666666718750005 0.7 0.44166666718750003 0.678125 0.4375 0.665625 0.45416666718750004 0.665625 0.49583333281249997 0.6765625 0.5104166671875 0.6984375 0.5104166671875 0.715625 0.4916666671875
1 0.734375 0.6104166671875 0.709375 0.5833333328125 0.690625 0.59375 0.6921875 0.6604166671875 0.7109375 0.6645833328124999 0.728125 0.6458333328125 0.734375 0.6104166671875
1 0.6171875 0.6458333328125 0.6125 0.5979166671875 0.5984375 0.5875 0.5828125 0.59375 0.584375 0.6583333328125 0.5921875 0.6645833328124999 0.6125 0.6604166671875 0.6171875 0.6458333328125
1 0.5171875 0.7333333328125 0.5140625 0.7125 0.4953125 0.7020833328125 0.475 0.70625 0.46875 0.7208333328125 0.46875 0.7479166671875 0.4796875 0.7645833328125 0.503125 0.7604166671875 0.5171875 0.7333333328125
1 0.3734375 0.7604166671875 0.353125 0.7416666671875001 0.3328125 0.7854166671875 0.3359375 0.80625 0.3578125 0.8083333328125001 0.375 0.7854166671875 0.3734375 0.7604166671875
1 0.30625 0.9583333328125001 0.3140625 0.9375 0.3125 0.8583333328125 0.29375 0.85625 0.28125 0.8770833328125001 0.275 0.9083333328125001 0.278125 0.9375 0.2890625 0.9604166671875 0.30625 0.9583333328125001
1 0.4765625 0.1666666671875 0.471875 0.13125 0.440625 0.13125 0.4296875 0.1458333328125 0.4265625 0.16875 0.440625 0.1895833328125 0.459375 0.1916666671875 0.4765625 0.1666666671875
1 0.53125 0.0645833328125 0.521875 0.0333333328125 0.490625 0.0375 0.4765625 0.05208333281250001 0.478125 0.0979166671875 0.490625 0.1145833328125 0.5015625 0.1125 0.53125 0.0645833328125
1 0.646875 0 0.6546875 0.0395833328125 0.665625 0.0479166671875 0.68125 0.04375 0.690625 0.025 0.690625 0 0.646875 0
1 0.3609375 0.23541666718749998 0.353125 0.2270833328125 0.334375 0.23958333281250002 0.3328125 0.2645833328125 0.345109375 0.27626875 0.3578125 0.2708333328125 0.3609375 0.23541666718749998
1 0.5828125 0.43333333281249997 0.60625 0.3541666671875 0.6 0.3375 0.5828125 0.3291666671875 0.553125 0.33125 0.546875 0.35 0.54375 0.43125 0.553125 0.45 0.5703125 0.45 0.5828125 0.43333333281249997