1 0.690625 0.1145833328125 0.6875 0.1 0.6796875 0.0958333328125 0.6640625 0.0958333328125 0.6515625 0.10625 0.65 0.11875 0.65625 0.1291666671875 0.675 0.1291666671875 0.690625 0.1145833328125
1 0.6453125 0.28125 0.64375 0.2625 0.621875 0.2479166671875 0.6015625 0.2666666671875 0.6015625 0.29375 0.615625 0.3083333328125 0.6359375 0.2979166671875 0.6453125 0.28125
1 0.3828125 0.54375 0.3875 0.5270833328125 0.384375 0.5083333328124999 0.3515625 0.5041666671875 0.34375 0.5125 0.3421875 0.54375 0.3515625 0.5604166671875 0.36875 0.5583333328125 0.3828125 0.54375
1 0.4125 0.6916666671875 0.4125 0.6791666671875001 0.403125 0.6666666671875 0.3875 0.6666666671875 0.3703125 0.6833333328125 0.36875 0.70625 0.3796875 0.71875 0.4015625 0.7166666671875 0.4125 0.6916666671875
1 0.49375 0.91875 0.503125 0.8833333328125 0.4921875 0.8541666671874999 0.465625 0.8479166671874999 0.4484375 0.8625 0.4453125 0.8916666671875 0.4546875 0.9083333328125001 0.48125 0.9229166671875 0.49375 0.91875
1 0.5640625 0.7416666671875001 0.5640625 0.7166666671875 0.5546875 0.70625 0.5265625 0.7041666671875 0.5140625 0.7229166671875 0.5125 0.75 0.5234375 0.7666666671875 0.5484375 0.7645833328125 0.5640625 0.7416666671875001
1 0.653125 0.6583333328125 0.65 0.64375 0.634375 0.6333333328124999 0.61875 0.65 0.6134515625 0.6612312499999999 0.6134515625 0.6711958328125001 0.625 0.68125 0.6390625 0.6791666671875001 0.653125 0.6583333328125
1 0.54375 0.5895833328125 0.553125 0.5604166671875 0.55 0.54375 0.53125 0.5166666671875 0.5015625 0.5166666671875 0.5 0.56875 0.5046875 0.5833333328125 0.5203125 0.5958333328125 0.54375 0.5895833328125
1 0.6109375 0.43125 0.6109375 0.4145833328125 0.584375 0.39375 0.565625 0.39791666718749996 0.553125 0.41875 0.5515625 0.44375 0.56875 0.4625 0.59375 0.4583333328125 0.6109375 0.43125
1 0.59375 0.1666666671875 0.590625 0.15 0.571875 0.1270833328125 0.540625 0.1291666671875 0.53125 0.1416666671875 0.53125 0.1583333328125 0.5609375 0.18125 0.584375 0.18125 0.59375 0.1666666671875
1 0.7046875 0.8958333328125001 0.6828125 0.8895833328125 0.66875 0.9104166671874999 0.6671875 0.9270833328125001 0.6859375 0.9333333328125001 0.7046875 0.9145833328125 0.7046875 0.8958333328125001
1 0.4421875 0.9604166671875 0.4328125 0.9354166671874999 0.4203125 0.9291666671875 0.396875 0.93125 0.3859375 0.9416666671874999 0.3875 0.9666666671874999 0.4078125 0.98125 0.4171875 0.9833333328125 0.4421875 0.9604166671875